id	t1	t2	t3	t4	t5	t6	t7	t8	t9	t10
--
2	57,2316	75,129	90,7251	2,7719	34,3068	75,6168	96,18	63,572	77,6527	15,0453
3	6,3409	51,5522	24,1278	73,3206	92,4301	40,5526	27,6537	42,8577	97,3541	33,6215
--
5	67,0694	42,5068	70,8129	45,9728	62,3104	68,2065	78,4737	49,9672	85,7797	78,9374
6	80,6031	0,4912	70,5581	19,2003	11,2385	13,5354	67,9594	9,9986	96,6324	52,1143
7	24,6346	26,5548	92,0352	92,9429	80,5688	87,0321	49,2015	47,4115	22,7723	94,1356
8	0,0425	41,2522	93,5358	61,1983	45,0885	13,5808	18,7383	32,2734	67,2476	25,0543
9	8,567	64,5781	64,66	58,3711	73,9223	38,5662	99,6256	37,3265	83,0248	36,7213
10	45,5821	42,7482	43,5641	96,2562	3,6506	86,0958	37,0575	93,4278	3,7231	28,2765
11	71,4257	51,6993	64,386	17,6289	70,2292	67,7516	27,9144	7,8838	47,4936	58,7314
12	50,7258	34,3413	91,6087	17,5779	50,135	6,7248	65,7255	92,5738	61,0743	64,4589
13	22,2975	5,9851	12,3121	1,6356	4,5379	9,7954	81,2839	54,0816	33,0308	6,3717
14	27,2696	58,492	71,9719	40,0551	98,8273	36,2342	51,0043	27,5932	98,846	89,2392

--
17	25,0357	68,8934	34,2236	96,0117	42,9492	2,5869	72,2989	37,2987	67,5428	53,1131
18	57,3217	0,0384	62,4155	38,8578	99,3553	41,5621	48,5706	37,9409	20,7397	84,5929
--
20	0,7235	51,6045	1,2912	66,9374	8,1534	11,6072	50,7566	30,1153	75,6817	79,0716
21	84,7688	84,5444	56,6919	19,6618	62,1088	10,5664	40,0588	41,4939	73,8959	8,4851
22	48,2911	94,8095	15,8878	69,3026	66,0704	22,5766	70,7196	54,2681	43,3428	45,8232
23	28,4713	28,6662	88,6315	93,4185	64,6789	28,8919	75,5732	17,4506	41,8438	41,3727
24	66,5841	23,819	40,433	5,6182	11,0259	13,9083	37,2375	52,9354	97,4715	81,8466
25	0,8352	6,085	63,8756	71,3096	86,2702	33,0859	43,3476	36,7601	89,2563	83,0759
26	31,3219	0,4198	73,4427	32,4326	3,6172	89,3369	34,5968	27,8659	24,4999	27,0202
27	23,4958	43,5427	2,2559	92,5698	35,666	41,2957	17,3854	13,8837	60,2911	74,0595
28	84,743	65,8662	34,7974	78,3282	83,1731	14,2569	13,369	90,371	17,3323	38,533
29	54,4841	83,7924	69,6283	28,0659	3,8805	38,3874	22,2307	11,4347	31,3838	46,335

31	65,6257	65,3667	70,3016	36,7115	84,1783	81,263	2,7413	92,4544	76,3905	7,724
32	45,1977	66,2998	79,2553	28,9983	87,5543	66,3112	68,717	84,8708	75,538	2,7623
33	24,4653	59,8356	58,982	69,7669	76,9251	15,2014	11,9196	76,6317	63,1632	42,037
34	50,3851	68,8141	93,9929	94,1137	94,5989	86,186	17,3592	83,0691	21,6761	82,2831
35	84,9833	78,4684	57,2684	42,5307	53,6584	78,4076	51,4333	23,1132	67,566	33,2264
36	70,9457	32,5946	68,7129	58,889	64,3875	56,2151	73,9863	12,0599	16,3697	91,8715
37	45,4898	40,3244	57,5557	73,6658	39,2441	65,9397	8,4153	74,9642	92,8851	49,0736
38	34,1235	19,4842	25,9452	23,1901	23,0035	80,0281	76,5744	96,278	80,2291	6,2867
--
40	53,7378	9,0293	50,8448	47,701	4,8234	37,4916	42,5319	74,6208	14,5002	17,811
41	15,0409	88,2544	72,1131	3,5557	40,1596	37,9766	19,6708	16,6096	30,8484	83,6862
42	88,4529	32,0267	81,2224	22,6351	48,7376	98,938	99,95	14,5798	56,2167	29,6467
--
44	44,4035	0,2483	35,9786	76,1318	7,0124	99,7237	72,1319	62,6757	57,2926	77,3784

46	29,3159	80,1697	48,8278	98,9692	15,7539	5,3796	60,6024	74,6171	43,1422	18,5313
47	89,1156	19,0595	96,6222	31,4128	79,6141	49,6073	97,4538	46,0051	53,9327	43,0242
48	92,7646	61,5946	29,5526	80,4692	16,2989	40,9629	0,676	89,2951	27,3608	34,2779
49	56,8101	66,0712	22,6997	43,9229	47,8993	4,1609	79,5472	58,743	57,6913	22,6663
50	82,1604	95,7193	47,6612	77,1592	82,6169	28,8735	97,2925	55,8557	56,2915	11,2249
51	80,6223	16,3652	1,2375	60,4625	40,6125	29,3726	30,0469	99,4716	21,5698	85,6613
52	10,7884	12,8739	65,9903	26,8668	72,6608	6,7152	46,1081	41,0184	52,2409	94,3393
53	98,6237	17,0624	23,956	91,2325	33,7174	53,2875	0,5112	69,4686	84,0457	73,9882
54	19,6551	32,2049	5,3732	5,9147	76,5597	71,3502	10,3125	47,2495	47,9803	79,3807
55	71,7198	32,5032	2,1129	16,5574	8,0199	56,3176	84,446	74,3724	15,9038	21,3685
56	37,0685	55,3213	80,0115	76,3492	41,6969	92,705	94,0236	30,416	27,2222	77,8047
57	92,4969	47,9223	41,2269	72,3337	45,0178	18,0417	67,3101	70,9915	18,0187	27,5483
58	26,8511	31,085	96,4374	18,6441	50,2725	34,2639	72,5651	55,4624	78,1601	68,0199
59	12,6761	82,239	60,0848	55,1942	69,0106	8,8606	86,7343	68,9869	16,0248	58,95

61	79,1686	75,0507	49,6365	21,8663	30,2534	37,479	5,1135	9,7286	17,0164	53,6254
62	34,9597	97,7714	41,5582	92,2783	99,8428	73,4468	79,8927	16,3553	81,6123	96,1429
63	37,9254	12,0857	69,2021	47,2908	47,4289	93,1439	46,1734	15,973	29,4668	68,1024
64	96,4396	90,1049	35,3313	66,1383	81,184	87,3311	6,6546	16,8968	26,1092	95,2559
65	10,7855	55,958	48,251	34,4122	2,4099	77,7959	93,1032	17,0243	87,1275	87,0927
66	9,6069	47,3298	18,6604	26,6046	36,1956	11,1367	54,3565	27,8274	66,2309	12,6115
67	28,4348	93,1087	30,5219	76,3173	22,033	96,763	73,831	13,5464	24,8976	67,1112
68	18,8871	20,5883	98,5852	77,1544	29,74	97,2691	43,7576	4,2659	20,1114	93,4193
69	34,6879	81,4675	24,544	42,219	75,1011	40,4354	17,6558	43,9938	43,0768	21,892
70	43,36	8,4194	76,6126	55,2519	24,7457	46,4853	13,6479	2,3267	60,4973	94,0275
71	2,8841	27,5257	4,9777	96,6076	1,809	67,2995	95,5563	90,2182	99,6472	21,7251
72	51,9865	1,3651	22,2311	0,3713	86,7469	34,5902	95,7521	15,1169	22,3344	93,1526
73	24,1874	77,6114	67,0002	99,1458	80,8139	15,5097	42,1508	90,4263	87,9049	65,2751
74	31,637	24,6139	71,9061	30,5361	42,6434	69,5312	40,4388	43,0894	2,6218	86,2272

76	53,8665	46,1278	78,6044	82,6457	68,4997	4,5387	42,4993	50,7242	7,5862	77,9156
77	11,4837	20,7412	49,423	34,1797	90,745	72,1192	39,1727	76,1459	32,8676	76,7411
78	26,5722	47,1163	91,3658	17,2872	18,1872	8,1685	51,7309	64,3806	9,6441	6,3763
79	83,4799	79,8055	82,604	94,9966	68,4404	77,5656	44,7064	76,9508	94,6684	9,9396
80	53,8352	87,3994	96,8103	61,3117	59,86	44,9709	41,4148	3,5737	84,1128	29,8703
81	34,3405	97,7898	94,2469	23,7192	80,0015	25,324	63,8144	31,3036	67,6084	10,4653
82	20,602	66,3328	17,7852	40,3211	21,3834	38,8013	34,6147	96,7444	19,3627	86,8514
83	37,5799	45,7592	39,8892	52,305	42,7693	2,1131	19,1937	15,628	23,6623	14,3852
84	18,5939	56,4144	81,737	99,5291	78,0989	82,0384	89,7002	26,6133	83,685	26,6798
85	13,702	86,9256	60,1888	8,5018	68,2738	69,3243	3,614	36,1966	11,2753	82,1903
86	88,4779	16,1114	23,7204	15,38	86,8001	3,2458	86,0867	49,7811	90,9487	26,4423
87	58,6104	18,609	63,4027	27,4819	29,0137	33,5919	86,8625	84,7298	26,624	51,1119
88	71,052	42,9214	88,421	62,5477	0,7902	25,662	21,9532	62,0169	87,6401	46,3129
89	73,3592	77,7117	97,7751	5,2246	34,6474	0,4395	87,7349	58,1606	12,6978	88,4192

91	26,6188	61,9361	41,689	6,7164	27,97	45,2571	89,5179	93,0555	98,6851	40,4868
92	82,0407	91,5931	63,1174	77,4146	47,0895	23,7504	99,7822	91,6647	66,8326	57,2526
93	33,8784	55,1713	33,3684	54,6114	14,943	76,0029	17,6706	76,8486	26,6605	96,2616
94	77,4603	15,3186	5,7983	2,999	33,7804	77,7221	9,9101	69,3223	34,0582	88,8179
95	2,894	61,663	93,4581	49,7261	54,0036	33,8809	58,8604	90,1103	80,8359	35,2145
--
97	45,677	75,1588	46,4177	42,7677	88,7016	88,4363	38,0643	15,5758	17,9179	70,6911
98	40,3993	18,1328	85,0545	98,795	51,3944	7,8841	73,2674	93,2583	48,8202	63,1477
99	89,8198	39,4301	42,9391	60,5094	45,6319	92,937	88,2197	63,9476	12,9044	93,1879
100	63,6556	22,1302	73,9596	42,443	84,3056	33,8053	26,4808	28,8636	25,8743	72,9211
101	38,4062	9,5056	33,1169	69,092	36,8721	5,5434	92,6785	13,0868	10,4545	32,0298
102	54,434	75,5299	6,2742	76,9707	46,8068	43,9594	11,9425	30,5654	71,057	28,7507
103	72,1446	77,5583	19,8268	0,1184	11,4925	28,4561	93,4712	2,3477	7,1177	52,6423
104	11,8469	53,8389	4,3377	33,4999	45,6086	18,1208	54,8327	45,8828	81,4451	49,1752

106	50,3161	68,1445	78,8447	74,9562	69,8846	48,5023	55,1311	12,8302	85,9177	12,6375
107	11,6947	73,5828	88,912	59,3321	70,1889	17,8152	14,5358	47,9341	7,9218	19,178
108	43,2894	29,8079	52,0073	71,8552	23,8294	75,0028	1,694	26,4163	19,1692	76,8975
109	83,5785	22,7504	66,7513	17,652	56,8996	92,0647	41,223	87,4942	38,6608	10,1934
110	56,2736	26,0442	29,8438	17,7555	59,4229	68,6982	36,6883	39,6756	96,5915	99,7807
111	31,3384	8,4459	36,0374	60,6705	48,244	81,546	98,8475	18,8562	96,9716	67,9023
112	36,0125	4,0015	43,7501	37,4271	17,1765	52,0824	45,4135	48,0058	75,0731	74,6442
113	25,0201	57,1545	56,6896	37,8095	92,6142	30,621	29,7856	42,3819	13,5649	29,8615
114	70,8824	0,0302	27,6121	71,1902	13,1101	94,2048	88,1177	14,7786	68,7689	89,2807
115	39,6608	24,8567	71,6203	63,0952	70,5285	37,9773	7,5827	35,8553	51,5796	24,3783
116	7,5652	60,0864	11,7299	17,4624	40,9941	99,157	6,2829	33,1755	52,2168	20,6989
117	18,3296	11,8436	86,1772	92,4309	42,8002	80,9305	7,7301	63,4543	49,7082	99,4043
118	19,4949	40,1712	44,9142	92,0969	41,3932	46,6188	93,4792	33,4929	12,5012	5,0267
119	79,6872	18,3376	93,4582	8,3725	27,5039	76,0175	53,7941	32,5066	68,5389	44,1581

121	68,0765	15,0723	36,2304	35,1354	96,4396	77,9995	17,7964	33,7087	71,7554	80,6319
122	67,3571	8,3845	5,8812	10,1352	87,2211	87,2572	34,0432	85,3538	89,0258	33,4062
123	61,7379	30,2068	62,1514	17,3113	75,5347	67,5055	69,7313	45,0841	9,1183	79,1706
--
125	16,597	3,1113	30,6943	43,7405	32,6698	85,6291	85,6212	23,5925	4,61	74,2049
126	0,9514	96,2724	14,6066	47,548	66,0124	21,992	53,0289	77,3394	86,3707	36,5329
127	6,8043	99,9837	40,0062	9,6577	36,6518	23,7518	25,9395	30,2582	92,8186	72,8149
--
129	3,5202	80,6726	56,5136	92,7157	86,4796	45,0888	52,2073	64,8426	42,2759	4,5918
130	37,6668	7,1626	93,1079	43,7034	0,4372	97,2093	49,1	84,8029	47,2249	93,6101
131	65,1502	68,6167	98,6695	99,6471	4,8913	67,499	44,8868	63,0952	44,0927	56,5781
--
133	21,6608	39,8246	2,8944	18,4283	7,8771	45,7957	2,0634	73,3085	66,7626	93,8401
134	24,51	6,0798	91,5241	8,0633	16,2576	43,5373	5,743	3,197	30,3502	85,0817

136	22,1476	46,4148	0,2168	77,055	57,499	88,0513	69,2241	80,4491	55,4982	35,88
137	64,9274	17,2826	98,4617	28,5796	38,2144	0,0254	18,1859	17,3704	67,8044	49,6711
138	13,2409	50,8067	39,1018	5,504	70,5887	14,6063	88,6941	34,1442	52,4842	71,1257
139	82,7932	23,8586	12,1016	44,9889	39,4622	99,7654	66,0536	71,8176	47,0645	58,4018
140	33,8715	85,5542	99,5003	65,0993	62,7173	28,1202	99,6031	75,7735	85,145	35,8286
141	40,5975	42,4924	7,5716	85,0684	32,6546	36,3722	53,3907	24,9638	97,1155	30,6661
142	86,4332	17,4975	21,9522	18,8634	20,192	4,6778	83,4451	65,3801	71,6733	38,7532
143	78,4472	17,7872	83,946	81,4584	0,5602	56,3006	91,8594	42,7596	73,6067	16,4236
144	20,6914	31,0632	21,0776	0,3337	33,25	16,5125	58,1077	2,9098	18,3493	85,3724
145	15,2014	80,56	70,3927	40,1906	88,9542	15,5092	86,406	15,2371	79,3737	99,9726
146	52,3307	65,7731	1,1253	60,5397	14,4786	92,9241	25,3494	53,7455	18,0015	64,4349
147	58,4082	31,2746	0,6946	58,9282	59,0194	30,5967	99,2302	47,5949	21,7801	25,7776
148	8,4274	78,0623	88,4673	7,2194	96,7433	77,889	71,8279	33,4719	83,4458	70,6304
149	13,4282	54,4723	17,0596	82,6842	47,9007	39,2563	88,6087	41,6938	61,7791	5,3995

151	61,0152	25,8405	50,4033	67,3447	77,5331	88,3236	40,7434	10,5998	8,4729	74,6164
152	9,1581	16,938	41,9143	19,6101	43,5749	7,2909	46,4708	15,5754	36,4839	99,344
153	32,217	65,2411	56,6902	84,1536	45,784	24,5695	42,9244	58,3861	87,654	98,0392
154	65,033	60,3348	39,3588	28,1389	61,542	93,2039	55,4842	35,2278	67,9845	53,0977
155	5,5789	7,6271	34,9253	60,8108	4,9878	74,3178	15,1039	55,4253	84,467	72,5872
156	29,9799	35,7633	81,8444	82,4298	60,6253	77,8887	98,9954	30,1169	3,2569	23,4778
157	28,0616	61,0672	65,729	92,1842	29,3116	84,401	37,1714	30,1009	31,2066	44,719
158	12,3639	19,7922	24,2123	58,3974	3,3326	35,0614	68,9055	1,084	15,2652	76,8756
159	40,5355	60,8757	69,7016	71,1264	57,5396	79,6	17,9688	85,4157	95,2191	97,7794
160	91,9735	9,5088	17,2062	1,2241	34,7339	49,9236	94,6438	72,5811	9,0744	34,3108
161	97,4598	35,834	61,1441	24,8052	27,454	72,9685	48,3391	49,498	79,2456	23,9495
162	93,2785	86,6442	19,1021	19,9788	69,3994	61,3675	36,7997	83,3206	0,4034	94,3899
163	0,9579	22,281	80,9525	30,366	98,1053	34,611	0,1317	27,1398	9,8753	92,4734
164	11,5263	96,9008	78,9619	61,5282	45,5303	35,1026	97,6109	60,389	25,2762	77,6951

166	21,0551	25,1379	7,3195	65,3081	96,3328	94,9933	86,4481	45,0195	23,3823	43,7714
167	67,8033	97,7147	7,3044	69,916	95,7468	61,6456	34,3356	19,373	35,6613	21,6143
168	21,2279	47,5145	32,307	79,4959	51,6508	21,1846	81,4162	37,6165	70,8525	23,2604
169	30,1453	89,6736	5,3152	97,531	18,3898	60,7631	8,8034	54,8901	91,5997	92,2935
170	81,3716	44,7466	22,7596	75,2469	44,7825	29,7855	67,6156	25,2759	24,3607	51,4922
171	52,8002	34,3573	67,7047	68,1037	91,5042	95,939	96,6727	1,9064	76,2289	60,1558
172	95,4961	17,0221	16,2853	72,0465	59,3754	51,2345	52,5204	39,7324	37,5751	85,0433
173	39,4355	41,213	48,718	9,1942	82,3388	33,419	40,0844	6,5296	12,3756	84,8373
174	47,9489	17,1805	66,4954	44,0781	20,004	24,9755	65,6679	84,0063	68,7067	34,1836
175	64,1383	77,2849	51,642	71,127	36,3063	98,4189	47,7372	61,6167	29,8834	41,8827
176	80,2391	61,8114	3,3351	24,5805	53,7569	50,1062	91,533	95,8216	68,3859	76,5581
177	89,8761	80,1946	24,8324	54,3628	67,4196	41,539	40,4953	4,5318	14,3981	27,3701
178	34,1494	74,9762	78,0793	67,0304	78,8593	9,3181	74,286	68,4218	64,7902	45,9078
179	29,3889	52,026	46,8071	1,7256	54,7828	30,5394	70,578	61,4633	84,0516	80,7328

181	62,9144	96,1923	19,9589	7,1734	16,3128	39,8886	81,028	21,1607	67,2529	60,4211
182	93,9993	15,1347	24,3681	98,1327	16,9446	6,9017	30,669	45,4611	80,5458	36,8179
183	88,2011	40,7215	63,5931	23,8654	78,6909	7,41	75,5874	31,1657	46,7223	36,9077
184	76,2499	8,1165	6,1361	1,8865	47,1152	99,8602	27,2424	10,945	74,7536	43,335
185	70,8068	59,0484	69,565	90,021	94,2356	17,3819	68,1476	3,9583	69,2708	69,2212
--
187	24,6495	17,2446	40,4717	52,8484	16,6435	21,7896	19,4533	53,846	65,6711	12,6936
188	15,5855	1,2001	72,6844	86,0157	84,7131	74,2307	24,9467	53,428	57,8801	45,8107
189	10,6659	5,2139	77,98	79,9446	97,6288	85,3496	1,1321	47,3957	89,0269	12,7888
190	52,9863	50,0417	61,6465	53,857	75,2363	31,1686	35,0084	68,6941	32,6025	4,7638
191	57,0254	68,1711	79,7243	0,4018	15,8248	98,9494	38,1083	1,3293	70,7411	12,2539
192	29,6776	50,5099	21,7514	36,9482	94,3865	2,3327	0,871	9,2728	60,4187	23,1498
193	75,0506	65,8195	15,4786	79,2301	9,8741	11,678	69,3109	4,1269	15,0793	33,2238
194	1,9174	32,3435	69,1965	58,3474	64,6537	73,2898	44,5016	62,9349	24,9424	73,6229

196	98,6967	11,8531	30,8247	48,2624	23,2577	3,0011	5,0472	23,1985	38,8039	9,3492
197	97,8895	68,9348	35,4328	54,1882	70,5304	24,7921	51,904	3,5008	69,5987	44,838
198	94,1815	42,1115	60,6534	49,1344	38,9694	34,4288	1,4321	97,6003	14,8368	47,9354
199	6,9426	79,5602	87,014	74,609	65,1807	50,5415	43,6597	32,8456	13,2388	73,5592
200	59,3233	71,6308	6,8727	56,7301	52,4319	27,3278	64,7427	14,3175	52,2542	58,4482
201	55,6019	96,4346	3,9175	53,1523	70,0089	29,4772	8,5836	80,8939	0,2875	33,5635
202	40,1518	93,3965	9,2598	59,3631	60,4802	78,9643	51,6818	47,5961	51,7891	93,7411
203	5,6618	80,2671	47,7158	19,4433	51,6243	58,9946	11,8303	18,523	83,4561	73,0491
204	9,2882	53,2815	38,9099	27,1336	98,1195	60,0371	44,0824	20,0348	17,2615	11,3113
205	79,4392	55,0275	39,3007	71,3646	89,5416	91,4099	64,3964	65,0564	73,3756	39,7254
206	65,4753	46,8879	4,4719	33,4414	45,7239	24,3884	12,2115	35,0683	62,7619	66,926
207	38,9834	24,0386	91,5864	85,3419	78,1978	26,2559	96,0112	38,4233	51,4201	46,084
208	50,3481	57,0953	66,1808	26,0401	98,2951	34,8025	65,0009	13,6047	68,9025	19,5656
209	55,2111	18,4956	0,6345	25,0281	26,7751	26,408	45,9942	51,9115	85,003	41,6124

211	68,516	82,1992	73,5169	54,3915	39,7353	49,1269	75,5536	51,2761	92,6945	95,7825
212	82,8595	74,2258	94,0859	37,859	1,7443	53,9234	40,0064	93,9345	77,5404	76,4244
213	91,1582	85,5882	1,2753	96,4512	27,5436	86,7755	82,0739	96,219	16,2497	58,2233
214	58,1016	16,657	52,7657	71,7763	46,4239	77,639	20,4998	25,9284	9,637	70,0593
215	71,9826	16,8057	21,8879	37,6741	61,3041	70,2608	60,2941	38,1588	57,4115	81,207
216	65,3638	50,8027	30,1395	67,4424	82,2374	5,3031	44,815	3,1784	43,8089	32,8197
217	74,4226	32,823	23,5968	63,9568	27,7133	98,942	56,7344	42,3232	72,9839	81,0391
218	25,0463	3,3917	14,2556	8,6391	82,4585	0,0511	61,9326	46,8391	67,2557	94,5521
219	40,2952	59,2258	15,1032	98,0721	39,9409	26,898	53,5836	83,7495	78,2997	31,8957
220	74,7495	92,2699	78,5476	5,2987	62,9498	4,4108	55,9555	4,462	36,4596	26,435
221	9,93	17,0997	25,3648	37,0266	33,9838	46,4913	84,6688	96,3573	92,0697	20,1096
222	78,3991	96,4566	77,7366	28,9284	74,7477	98,6185	31,3281	29,6771	61,059	27,8448
223	41,7086	3,9593	69,4765	32,809	23,1169	15,0761	22,961	6,5848	77,4022	14,6207
224	39,4671	3,3048	0,9445	62,1333	61,8343	86,5007	98,5894	89,446	87,9695	61,4708

226	75,4158	3,6713	25,5827	91,5133	80,1466	85,8613	88,5014	67,9141	22,3267	45,0143
227	62,5854	90,0103	26,8488	78,3116	46,4929	8,7845	38,106	93,5576	56,3831	87,3433
228	55,9114	58,4943	41,2556	18,0412	69,5231	88,723	74,1229	8,5714	95,8215	95,3134
229	47,7924	47,4574	76,5654	13,7459	70,3783	32,4353	12,9807	47,6411	0,502	38,2766
230	80,2751	12,4834	97,5169	29,3536	53,6308	53,3704	0,3552	10,1993	51,4962	42,359
231	18,4822	41,3386	84,0828	23,1489	47,1222	51,0594	68,5243	51,2363	33,5257	70,3764
232	90,3708	1,2703	12,4389	62,1231	17,2145	56,4121	92,261	34,8543	19,001	20,4042
233	64,1701	69,1105	49,161	49,9043	47,0897	96,3545	96,1248	33,4937	3,8329	16,0686
234	64,3594	74,3001	84,2779	18,5935	82,7654	14,21	78,4569	81,8298	42,0449	11,447
235	92,0683	86,9612	74,8373	87,6345	31,3293	27,1839	12,6893	96,8268	29,6707	81,0893
236	30,1763	5,0135	59,8399	63,4146	59,6698	51,3026	83,9192	12,0396	40,2283	71,1146
237	79,4561	54,8589	97,2269	9,2286	15,7813	71,5256	13,6686	49,866	54,1974	1,0667
238	4,9229	31,5776	21,3466	76,5597	22,1357	34,0828	71,8089	25,9777	22,5697	7,8882
239	72,6026	16,2716	5,9696	9,6809	99,9726	35,4574	91,2429	34,2916	90,2959	54,4779

241	14,6492	91,7955	54,7529	34,5298	53,3484	73,4155	83,7625	73,1734	17,3285	43,5002
242	14,8896	99,6248	59,0111	82,1595	12,867	40,0029	36,5322	33,1567	36,9598	86,8887
243	58,8271	14,6746	22,7454	95,2858	79,6051	21,2109	25,8541	66,9275	89,395	47,4341
244	47,4967	67,706	76,6623	98,2407	27,991	16,0537	71,3124	68,3019	32,2379	33,3852
245	71,0696	24,9655	90,2559	14,1106	68,3981	89,4555	35,6069	43,0365	63,2099	20,1523
246	28,2032	28,8552	85,4759	57,6708	5,9035	39,8133	2,8724	36,4444	89,025	61,8414
247	35,0491	44,3992	88,5231	25,0868	98,5533	95,6799	93,3574	75,7309	73,2047	20,9722
248	92,6497	60,8124	0,9968	85,503	13,4109	75,1893	69,0576	6,9424	86,3452	77,7928
249	26,2775	22,0381	78,4733	23,7979	18,5869	77,0755	66,7356	2,1344	81,8079	6,6489
250	31,9465	14,1388	11,4469	72,6177	81,0911	50,7578	95,6033	75,5625	26,688	89,7168
251	99,588	54,3243	68,2575	28,2909	91,7932	66,4962	99,409	25,5042	62,3785	16,0718
252	14,7638	50,3063	32,578	55,7459	93,6396	26,3368	34,4037	22,9791	92,6368	57,5409
253	1,429	14,1222	74,0506	68,4009	65,7953	27,3126	61,9061	61,0422	37,3471	94,9469
254	67,1869	15,6636	60,0285	62,1594	44,4783	40,2701	40,3753	17,7569	49,2558	67,165

256	13,2881	9,4139	21,1269	32,7872	59,1433	20,1451	6,0184	10,433	44,0837	38,7814
257	92,6418	65,191	57,0015	49,0088	23,5887	62,4147	6,3492	44,2861	76,6898	83,5824
258	11,2861	96,6871	77,5418	12,286	6,8438	42,975	73,9854	19,4136	57,7996	1,2055
259	73,2817	38,3309	38,2571	21,9009	43,1673	7,0213	28,467	14,279	3,9826	82,5599
260	39,5607	82,0367	18,9605	82,6436	30,4993	53,5777	64,099	19,3365	98,0181	17,3457
261	96,3765	62,1393	25,6303	33,1016	67,5293	45,8733	12,4698	77,5941	82,4008	56,2352
262	98,0694	83,8934	97,4792	58,8133	64,0178	74,7796	9,0715	23,6202	42,2557	63,8092
263	4,8035	47,3754	89,0449	5,647	75,1522	83,7587	33,9938	70,4262	70,5213	22,8717
264	67,8602	68,4644	3,0216	81,8319	53,2848	26,288	33,8426	19,5824	77,9399	48,2234
265	6,8912	79,6843	22,8647	57,4193	2,9815	21,7098	3,0866	35,8437	41,6371	4,5168
266	96,9807	35,8442	88,4169	23,0143	64,1759	74,1113	75,5299	47,1827	99,4465	55,4593
267	64,7779	16,6449	51,2065	61,8067	24,053	26,3349	54,9933	76,4499	77,2187	42,9128
268	57,3716	94,2483	41,5779	55,5797	35,0984	81,9212	17,7732	65,6236	88,8723	54,0952
269	3,0201	63,4811	8,6272	76,4537	49,4064	14,8282	27,8296	20,0683	6,1027	40,8387

271	69,9078	19,6072	11,8932	33,5645	66,8169	80,0125	88,0507	3,5747	71,7441	26,7586
272	65,2417	76,5715	19,7755	75,5643	22,5103	30,3365	66,6626	22,5048	92,6856	89,1257
273	7,637	98,5899	37,9205	95,5318	47,6846	82,6697	19,5105	91,5193	40,2388	35,8672
274	21,4091	43,964	41,6706	21,7861	40,423	68,0372	32,379	11,0747	43,0496	46,5879
275	33,8568	83,8851	23,3966	66,1521	24,5186	71,0951	11,6889	31,5709	45,287	64,8008
276	20,8327	75,4936	17,2847	21,7745	2,8746	7,2511	55,0336	1,1534	68,4225	37,0603
277	68,1964	18,5499	52,6381	80,2683	19,5721	76,8318	64,336	40,3985	65,7403	92,1566
278	49,8797	99,5266	0,0073	18,7796	32,6729	27,9683	50,2703	52,6734	40,7538	64,8609
279	4,7258	54,5649	27,3344	55,4808	10,5993	99,7674	44,7035	81,6102	83,8358	52,7702
280	48,1647	33,9539	43,2834	11,0596	93,4771	52,0041	66,9411	65,0348	24,219	61,9911
281	93,8291	47,3867	42,681	29,68	54,717	1,1478	27,0004	94,8721	70,0381	40,0957
282	26,7143	97,6158	0,2602	63,401	53,3308	17,7933	84,4863	5,0525	79,2755	37,557
283	94,8659	79,1094	60,495	16,0264	50,0075	43,6708	23,7393	51,718	1,4982	30,3624
284	22,7554	89,9038	18,7532	64,2947	76,3717	65,8922	66,7321	27,8957	91,3249	96,1279

286	92,0677	80,3526	82,5709	37,6018	31,5252	83,101	73,1644	10,9691	92,337	87,8744
287	67,9633	83,7251	21,7978	15,4403	85,8009	81,4285	67,3584	62,3907	63,844	71,7397
288	24,862	6,3761	69,2711	5,1944	74,3537	58,7415	55,4145	16,6559	37,2403	4,5241
289	20,57	50,302	46,3903	90,1511	65,199	31,0587	56,8372	30,0349	92,4314	97,0546
290	34,8562	56,5863	77,3932	5,6241	91,7416	51,486	52,8121	90,2082	2,4873	93,2649
291	51,1938	58,229	34,0995	61,4995	15,0809	50,3549	12,5246	81,0892	82,8423	40,1283
292	93,0828	20,8111	59,6914	99,1888	14,1834	17,1024	53,9125	86,1681	30,7982	40,9059
293	76,0572	75,6601	80,3237	99,7478	62,2599	62,6405	77,6923	94,3032	6,5054	29,9525
294	72,5304	34,1466	81,7883	79,9178	29,902	87,8176	95,5427	9,7229	71,2873	35,801
295	71,4014	50,7869	98,2145	38,2942	71,4942	94,9692	42,8391	61,5188	82,2484	71,4532
296	78,4143	32,4457	71,6197	70,9687	83,6129	76,7843	38,8641	52,3291	23,1046	65,6238
297	46,3709	7,269	29,6729	90,3496	45,6279	51,9068	60,6074	45,4058	27,5929	25,0045
298	65,9944	46,654	8,4531	53,9959	59,798	37,3424	81,3564	16,1896	57,5983	43,7379
299	58,176	11,7646	56,8181	69,4119	11,1591	42,257	5,9482	65,4236	7,6341	46,656

301	58,7377	28,3028	86,1708	5,8964	25,556	17,7745	87,0597	96,8129	70,8886	67,3013
302	14,7627	96,3563	19,2619	11,5617	50,5198	43,5277	3,6823	91,0456	70,4864	57,0512
303	19,7601	46,535	3,3926	80,1207	24,2004	65,5497	41,3266	12,7097	62,4134	78,4369
304	42,8513	5,9738	15,1079	1,7031	99,2358	96,9357	84,5417	68,3834	52,4639	30,1566
305	86,4609	74,8476	26,5752	71,7709	6,3006	85,9316	27,7881	3,4363	61,9977	55,1623
306	80,3257	35,4895	9,4149	13,2652	1,623	62,3494	82,1421	95,0544	2,9932	74,5268
307	31,3463	89,0236	78,5073	70,1813	66,3425	4,6901	50,5836	25,657	4,1778	53,7443
308	80,2526	57,4829	96,053	52,3241	57,0512	84,3382	44,9349	78,4834	57,9744	58,879
309	21,4379	6,9358	69,6734	2,7044	20,3754	40,6296	10,9358	75,9857	84,961	6,8719
310	97,6275	47,931	16,3362	51,6243	59,9015	80,7261	97,5478	98,3094	66,518	85,3134
311	30,6041	68,6002	72,0033	59,0177	51,7427	66,7177	40,1123	29,7419	0,949	11,6793
312	92,7164	90,9201	74,1904	25,6963	34,17	38,7692	1,6969	71,76	20,4182	0,506
313	77,7665	64,9933	72,7253	61,495	66,1456	64,6522	30,7074	63,6358	15,1899	6,6628
314	80,7255	93,4175	11,6083	84,4388	94,0247	76,4641	16,0408	66,8425	10,6372	89,1141

316	0,0822	99,1251	80,7697	13,2376	62,5393	63,8893	44,4503	69,2167	73,1222	56,8219
317	69,3476	68,6016	63,3103	28,3093	76,6173	15,7787	18,2924	43,4003	86,3078	89,2636
318	85,0112	91,7144	3,4825	35,8683	6,14	77,0492	9,7523	20,9146	48,6663	59,0602
--
320	47,1	57,0045	10,0342	40,4203	98,8651	89,1534	30,1771	14,2626	77,0019	22,2244
321	89,4633	48,1943	18,4722	17,8392	21,6022	57,1831	48,4118	83,4439	29,4005	71,0587
322	51,7052	75,0955	19,8131	94,5063	40,5318	54,9551	26,9686	65,3297	40,4897	76,8011
323	7,3267	58,1426	4,2399	40,6386	52,1194	33,1201	36,874	77,2602	94,8998	1,6245
324	47,7125	65,2271	38,695	47,2387	17,26	97,5168	49,5058	18,9113	63,4881	99,4422
325	89,2764	10,7055	52,1218	80,658	8,9645	63,6763	68,0345	73,8745	63,42	22,054
326	66,7844	10,5385	79,7833	7,819	57,2818	56,7231	66,1026	72,4503	86,6793	61,0801
327	7,1941	53,517	53,1009	57,0413	52,9866	91,4297	49,2371	15,1057	99,665	20,0762
328	78,3787	74,2699	95,1954	60,9334	21,8212	58,4459	32,8733	19,9682	77,1872	95,2364
329	0,286	67,2325	31,4558	1,8702	10,5467	70,3281	66,7764	1,3299	28,2814	32,8516

331	91,3936	98,069	75,027	12,7022	71,5095	91,4586	71,547	49,2496	59,7296	2,6454
332	44,9476	49,9981	19,873	27,2871	66,4063	65,2206	15,0215	81,5901	63,5138	77,2423
333	48,2618	90,6978	26,2237	52,316	40,8296	66,5149	52,5416	37,435	66,7394	59,433
334	46,5208	64,0504	7,1144	82,4581	97,9857	78,7754	78,9616	87,1387	62,6256	33,6635
335	98,7659	67,7878	53,1876	64,8779	66,2516	63,2352	81,9592	7,5506	84,0379	12,5171
336	40,8466	27,0542	11,1787	55,5329	93,4233	19,6118	14,8655	16,5553	19,4765	77,4445
337	82,8948	86,8049	45,9762	63,1315	8,2284	33,3772	59,3113	28,2843	32,4459	29,1878
338	96,2334	77,8035	78,8951	57,5748	43,4548	30,8064	13,8959	57,304	63,1404	14,2761
339	4,5427	85,5884	53,8896	51,6713	48,7664	65,5629	65,3239	25,0407	8,929	85,3854
340	15,5014	89,754	91,9646	33,4802	89,4181	48,5408	78,7467	35,8763	86,8655	28,1367
341	26,8461	69,2277	49,9962	83,4314	41,5261	4,7242	24,0198	53,5544	31,1708	34,6363
342	75,3573	30,5766	35,5398	36,6878	79,401	18,0471	43,9375	0,2413	8,286	68,1962
343	41,2167	41,5571	22,4359	93,487	79,4489	57,2012	98,0573	8,961	34,4482	11,212
344	84,6231	47,8305	14,7724	80,3556	64,8239	69,1107	21,4795	39,2511	94,463	86,3404

346	41,9363	11,7448	4,2817	74,513	23,6345	49,3556	13,6847	7,3105	71,6025	31,0239
347	11,0676	85,9631	65,3387	70,4948	46,9664	83,8975	36,3394	72,4677	71,0375	91,0751
348	28,3205	15,3135	38,1501	54,7734	42,9645	76,2667	49,9071	83,3361	79,8891	72,2587
349	6,0008	2,0553	50,9856	89,9371	26,0259	38,5709	91,77	52,4248	14,1637	90,0591
350	96,1134	86,3145	58,2537	54,3163	16,0115	49,8131	58,9132	0,5784	50,2541	40,0773
351	60,3014	3,9589	73,154	12,6077	41,3055	23,9533	19,8391	65,3767	3,0817	88,2144
352	29,3857	58,906	46,9489	91,5139	35,945	85,5277	48,238	31,1561	39,5755	13,1056
353	98,6016	16,6831	2,7192	16,5636	93,0173	44,7601	28,9607	10,6528	4,1031	49,4966
354	72,2936	2,7501	84,746	47,9814	47,6808	48,3811	40,988	18,0933	57,8763	28,2757
355	57,6563	46,6853	15,6948	71,1928	9,1564	84,5643	90,9592	84,6154	73,0791	41,8902
356	16,9866	96,1457	89,2479	8,4607	7,1564	76,6569	7,8804	6,1575	87,653	45,9111
357	69,8575	81,5212	34,4699	5,4247	82,6764	29,5126	36,8844	89,3803	80,1966	16,1795
358	57,8011	9,4351	49,9221	90,5669	58,9583	24,3167	93,1525	95,3647	66,6784	44,4274
359	89,6665	87,142	77,4364	78,6257	59,9415	11,1318	51,0358	57,8275	25,9538	16,0801

361	87,6519	88,7195	0,1543	61,4119	95,9762	45,649	92,7024	89,9349	59,7197	49,1623
362	19,6721	41,9005	48,0929	24,5755	17,4161	74,4103	92,5802	58,8494	95,3869	60,1442
363	36,9778	66,0059	11,3076	90,6212	57,8778	35,7307	34,6991	52,7499	45,7393	26,6853
364	88,5183	15,5478	50,9303	39,3288	41,9699	63,1954	20,0975	35,4663	7,4842	9,2426
365	58,9608	63,1198	82,3665	37,6606	85,6881	85,1251	67,5195	88,1062	94,026	28,1005
366	79,4574	71,4079	54,5864	91,3177	62,2553	31,7627	60,6484	8,446	55,5358	52,9254
367	7,3828	96,8988	2,6348	68,1156	23,8908	23,6479	89,3301	22,2356	83,4499	52,697
368	14,0379	1,2631	11,737	81,1443	65,5396	94,7601	83,7294	43,4306	0,0681	2,5731
369	12,6275	98,8193	80,4025	13,4902	75,437	75,3203	8,0354	76,654	20,5833	38,4599
370	86,4048	82,4956	85,5265	89,8606	44,9841	68,8226	25,9115	63,5449	56,3585	97,5
371	76,6851	26,9202	83,7417	26,3355	80,2886	22,9244	57,0427	19,4372	10,0761	37,8941
372	73,1922	69,5941	56,827	41,115	31,7478	44,1685	66,6552	89,9613	58,2753	57,921
373	91,4574	39,3945	34,3113	21,3587	62,3703	32,4954	45,0797	20,6486	15,8658	54,856
374	25,8183	84,3293	59,194	56,296	26,2405	12,9619	97,7353	77,7323	26,1644	1,4413

376	59,8086	78,6347	95,0899	61,7363	44,8451	17,402	83,4227	15,8828	7,3924	82,9231
377	50,8237	59,2842	8,1327	81,6283	84,999	96,195	24,9406	22,6578	59,5944	39,3854
378	63,2765	58,971	66,7669	61,7067	61,7039	2,826	63,1903	28,5367	62,7442	46,2171
379	88,6855	62,3752	38,8317	34,481	19,9439	36,7756	62,0725	13,5487	80,0876	58,0081
380	22,2293	93,9442	37,3828	10,6475	64,0582	77,8235	34,6806	45,9854	67,3979	53,4946
381	40,6416	19,2856	84,7161	76,2784	4,483	69,8866	90,9983	55,0722	26,0366	16,9256
382	72,5206	41,9559	34,3615	44,8506	79,1334	91,4772	22,1819	53,8582	61,8757	68,6367
383	53,731	41,0951	25,2738	76,4961	6,8982	26,655	53,8014	74,2215	82,0266	81,5602
384	99,9941	7,1551	32,3573	26,3967	97,8525	81,1782	57,8277	41,7433	44,2641	36,2779
385	8,7352	77,445	1,4918	93,4256	83,667	25,7639	65,3669	78,5142	61,3763	48,4924
386	22,1174	8,3751	74,0446	24,6128	8,4921	93,0635	54,5757	8,8105	45,4871	52,4941
387	74,8256	73,7972	87,3961	1,5545	79,2729	0,2117	31,2127	97,0997	7,7757	70,5408
388	47,014	11,1799	35,5202	74,8292	77,2076	12,6287	97,1978	48,9758	45,0262	44,0976
389	8,5554	13,6322	21,1225	56,8073	85,4114	68,4981	13,8476	87,033	15,0047	7,1895

391	56,7769	58,0652	67,4064	27,7418	8,1561	97,5315	7,5792	38,5353	70,4339	99,1739
392	29,5194	41,135	1,7737	20,8754	84,61	76,9972	3,0768	52,4252	72,3765	4,0196
393	24,9832	47,0721	14,7311	9,5254	52,9861	38,0272	58,7455	62,8617	82,8568	72,5901
394	87,4151	91,2925	24,8409	71,395	65,8237	58,4454	42,5968	19,7852	67,5469	14,0309
395	29,2979	50,4881	33,8384	64,5416	7,6216	97,617	17,3021	98,926	19,7379	6,8674
396	65,0385	7,527	32,2344	45,1933	43,7842	26,1622	41,356	49,16	61,6453	80,4056
397	79,6654	45,8414	61,3686	96,2153	46,3213	62,9567	7,8214	14,5952	52,2	52,3039
398	66,8748	86,2886	64,8834	32,5776	93,1799	21,7658	86,2864	92,6096	32,3093	16,219
--
400	0,5549	13,1959	66,9477	35,7911	31,0835	32,5468	61,4011	27,3136	82,8965	40,275
401	35,8942	0,9242	53,9499	74,2362	29,1149	8,5857	74,2166	87,6142	93,1051	96,7216
402	59,5264	62,869	88,4793	68,7697	70,5878	84,7746	26,0736	94,0189	37,3893	25,3994
403	70,6776	73,297	99,4546	38,1974	51,3291	37,7525	76,5979	87,626	14,3777	44,5276
404	75,3187	1,4802	21,1882	71,9469	6,9341	55,657	85,0388	73,1696	17,4359	75,3151

406	75,0384	89,4782	66,4049	33,7608	33,5623	95,3048	29,4933	28,0566	54,5244	98,4399
407	93,4521	22,767	19,556	18,4236	79,2641	69,3184	27,3136	22,1206	35,0636	11,975
408	69,5163	50,9385	12,7165	96,1581	60,9895	91,3324	24,7691	0,6239	20,8043	39,2157
409	55,2275	69,0583	41,8925	90,5103	71,6097	89,0794	82,3223	96,3365	52,2112	1,2129
410	60,5016	47,0448	55,0141	39,3961	98,5154	71,7228	14,6618	1,0369	82,1853	41,7732
411	1,8697	75,7411	71,1507	96,7781	92,6954	44,3505	34,2404	60,9125	93,1564	35,0944
412	43,0054	31,9205	14,2203	34,239	72,2878	75,3469	69,0522	66,7748	18,8881	75,2754
413	67,112	57,4538	47,5346	23,4709	44,4915	51,2471	38,1819	47,8344	18,9443	4,6914
414	92,6495	59,0711	0,5293	78,1325	97,1812	33,8333	21,7092	27,5754	26,296	81,7516
415	20,7542	7,041	86,9075	16,3987	71,3008	7,2232	70,8319	93,4053	30,8848	67,3985
416	26,1755	66,2797	15,6475	88,2948	15,6784	98,7865	23,0688	13,9277	32,2792	53,8592
417	1,0958	81,3261	10,876	98,5498	90,5376	50,2811	65,6507	92,8797	12,789	43,9407
418	44,9821	91,9166	68,9837	97,3335	81,4642	2,1025	68,2914	35,5591	97,7211	2,064
419	42,4721	61,5962	28,5541	61,193	73,6794	27,1032	25,2892	68,6699	86,4718	15,7067

421	87,3658	16,3661	90,6461	41,7564	43,4878	73,9142	87,5107	79,0767	86,4688	76,6209
422	86,9006	84,5325	18,8694	4,9358	94,8591	76,3629	31,3779	4,5575	25,866	49,619
423	38,4439	35,4464	85,5441	20,7454	30,1149	73,9421	17,9413	12,3543	40,9821	44,0465
424	61,398	63,8205	89,6717	38,4375	50,1902	5,3929	76,0385	89,7542	37,861	44,1485
425	67,5057	36,1524	14,9031	11,239	62,7163	59,9666	50,4196	14,5391	14,7724	27,1352
426	59,427	64,4375	77,3261	8,6953	36,543	12,05	7,6187	60,9109	44,3147	54,9494
427	73,4249	86,2643	70,6883	69,4409	56,1813	58,2542	29,0032	7,2402	23,1494	37,3347
428	77,1692	50,8429	72,2134	6,0197	2,3173	38,8547	55,0735	78,1653	24,465	8,4073
429	67,7526	89,9804	79,4851	2,807	91,3025	59,727	46,4047	95,63	82,6554	50,0442
430	78,2144	45,5546	87,1585	90,2921	60,6512	42,0885	88,9305	20,854	49,6086	39,9738
431	93,3985	6,2428	32,7497	0,7352	77,8576	12,6123	54,2655	57,9414	49,7927	12,1787
432	94,0983	13,5873	83,4817	7,9321	49,703	13,255	94,5705	99,3733	7,3628	37,5394
433	82,2646	95,0494	2,2042	40,5705	27,5636	67,568	25,8135	45,332	23,2178	24,2466
434	31,2301	55,5348	31,3026	20,1151	65,8816	39,8057	75,5179	33,9983	64,0555	55,4477

436	0,7965	96,2591	90,9405	91,329	24,2357	55,3499	11,541	81,6064	26,4292	16,0333
--
438	54,14	3,9328	1,0825	72,0044	25,494	39,2731	12,5476	80,8669	34,7019	59,2181
439	21,0432	93,5294	50,2714	7,5723	22,8524	20,3185	69,2268	20,7199	75,8557	13,6022
440	37,3161	76,417	1,9358	69,8277	87,6584	62,096	87,5726	73,46	28,7931	99,0526
441	98,3954	8,0734	32,405	31,8442	34,5201	80,6141	12,117	32,8339	2,7357	8,3223
442	34,2639	23,1352	9,1686	97,8409	72,4811	3,8091	60,7217	81,6083	55,1184	22,7142
443	58,4884	83,9718	87,0233	43,039	58,536	65,3238	53,0921	21,7314	37,7932	40,0337
444	51,3763	72,1647	99,4701	31,4397	15,3091	70,6793	92,4467	23,4308	90,9601	61,4705
445	43,8084	95,2881	30,2129	23,511	4,4068	28,999	2,8946	95,4935	16,5037	89,4273
446	55,1181	73,8861	19,7476	12,2814	9,2223	45,3618	26,4826	70,3404	78,8043	35,4547
447	36,6784	98,4657	43,9687	62,0197	17,5005	42,5301	20,2277	96,211	10,8552	19,2085
448	77,7339	71,3411	39,7258	2,0005	57,8483	12,5953	65,5694	15,8652	91,4087	38,9263
449	4,469	12,33	70,2756	81,5349	78,0529	13,6195	78,7689	11,1875	10,5065	27,0252

451	0,1934	71,2501	88,46	11,7369	42,6721	20,324	35,3904	28,727	21,312	6,7102
452	3,87	44,5631	26,4079	79,6491	23,7791	75,9627	13,6343	95,3209	97,2877	62,711
453	83,2062	30,4623	24,3311	16,9122	89,6564	57,8139	72,0919	61,7583	89,9961	64,7298
454	40,7775	33,5622	99,7389	69,9694	76,7577	29,1295	39,4679	20,8504	24,4321	39,9815
455	63,6714	83,5897	0,1621	94,3343	1,1799	8,0667	12,692	72,7643	36,1431	69,5298
456	52,062	91,1737	98,8014	48,9716	65,9785	9,6288	97,6486	53,5489	47,4677	68,4171
457	95,1247	92,2468	59,1031	59,1284	65,9628	41,9612	19,3529	0,4972	76,534	47,4327
458	2,3318	71,2478	24,6112	14,0154	83,5766	17,3483	39,7051	33,2272	55,8245	69,7807
459	55,5125	78,5794	73,3058	88,2106	59,0099	16,0086	87,3049	92,8497	47,9434	90,5364
460	30,7695	82,3488	31,311	58,6009	14,9129	31,9523	40,4208	71,4523	77,3214	5,6835
461	18,77	91,5622	33,6186	91,1191	81,6351	67,4546	75,5437	79,5486	90,5312	55,0473
462	78,8945	8,1517	98,9301	2,2146	83,6269	25,362	92,1627	44,2698	9,6883	44,8142
463	47,3679	85,8734	27,842	93,8387	45,6404	96,3739	54,029	69,8345	31,9503	0,9455
464	69,0771	76,9609	30,2546	43,8479	87,6383	35,7691	76,8089	47,8386	84,5501	65,3419

466	62,3827	67,6101	20,832	14,2074	77,8239	66,5111	96,3868	68,627	25,5571	52,9167
467	44,3498	21,069	69,1103	33,5939	43,9925	90,4233	4,2824	16,0742	18,7415	70,0755
468	36,6018	53,6049	54,7421	9,7114	68,7437	96,5502	58,6291	88,5872	83,1891	73,711
469	55,6855	73,3073	54,0379	71,6521	4,2249	95,5157	69,1506	54,3037	37,6613	30,452
470	18,288	11,2956	89,3689	56,2339	91,5564	49,3194	42,0892	35,8684	61,215	53,6025
471	84,4494	46,7227	30,8251	71,014	36,0283	95,1621	74,636	81,3834	72,5412	2,6614
472	43,9722	16,3504	91,582	14,3861	16,7072	53,7056	26,4783	95,8595	16,4045	21,8653
473	14,1216	62,9438	65,1981	78,7186	72,065	79,1929	88,9398	0,9049	48,3387	36,5729
474	78,9749	86,49	17,4007	66,5781	50,4857	24,4677	52,1256	75,5607	22,5183	24,1125
475	78,5084	73,4302	39,3302	3,3372	72,4701	53,9147	65,02	19,7983	39,8792	23,7127
476	64,4973	96,7736	98,5325	33,2277	55,1682	45,0176	72,6464	15,45	3,5173	47,2426
477	97,7845	11,5197	22,8154	3,9919	88,206	16,063	92,8793	16,9656	15,227	4,426
478	15,8664	78,5736	59,9142	68,3209	27,845	18,1168	40,498	14,2171	53,7017	63,2977
479	23,7492	87,763	4,8391	97,5942	9,533	31,3324	56,9986	73,3081	98,6677	35,9811

481	40,6476	42,5723	85,8077	83,6822	81,1465	45,2882	53,5557	45,7916	27,4027	88,5397
482	20,9054	26,1051	31,3922	29,3833	66,1389	68,6575	53,0912	89,6818	82,9759	1,6479
483	27,2101	50,7286	40,5085	82,1762	9,0552	71,9684	50,9875	4,5742	41,6316	93,6619
484	10,703	6,1279	29,9022	70,1312	91,4652	82,3454	27,6826	86,4162	29,3141	99,7781
485	12,6925	8,0372	80,3753	51,1922	2,8083	57,3042	45,7016	65,812	64,2491	39,5582
486	48,3924	30,988	33,456	57,7084	22,4252	47,5004	12,9547	75,469	47,4006	94,4416
487	7,8719	65,5053	10,1642	9,2698	54,3102	79,7029	9,3246	54,9584	66,0942	24,3742
488	94,061	24,3941	58,2721	57,3702	72,4329	44,2087	68,2069	29,0473	91,806	29,1217
489	37,3181	75,5468	68,4447	42,1104	85,3042	66,5384	31,2849	93,3761	4,3582	22,7364
490	15,5761	23,253	0,114	61,2765	12,2556	56,6314	27,6218	65,8709	83,9568	51,8685
491	21,2788	94,0712	89,6592	22,732	37,1887	78,7302	94,5631	61,8394	37,5427	47,7373
492	66,4562	53,7628	11,6705	36,7246	50,7729	55,2071	12,1514	79,7574	29,8149	15,5428
--
494	47,6731	28,3366	87,092	46,6636	32,2144	43,1347	19,8045	3,6928	22,691	89,1754

496	42,9193	56,6198	68,3138	50,7893	22,2086	52,3028	49,5425	7,5976	18,9639	23,6325
497	16,0352	21,2375	13,0273	90,8121	99,81	51,5094	99,076	47,7709	66,2913	44,2656
498	18,7339	61,8827	34,5645	22,3805	69,0295	32,9666	80,878	57,4949	0,8969	66,0361
499	32,6322	1,6291	62,5023	1,8266	86,8971	59,1738	95,6734	49,9096	89,0513	56,0786
500	84,7824	71,1739	54,0743	36,7294	29,3862	72,7405	60,5554	86,6408	62,3489	5,1369
501	91,1843	37,7298	3,4057	8,6232	40,0784	26,0313	97,3501	34,184	99,7798	49,1566
502	17,978	18,9404	31,3232	52,9244	74,8311	6,974	13,7922	35,0061	86,3648	30,0013
503	36,9146	45,9056	82,3815	6,3117	17,4619	7,1791	23,2094	11,9655	73,7667	5,6772
504	4,9257	70,1062	51,6393	21,0564	12,4904	7,5634	69,9063	21,6903	34,9553	29,5412
505	43,3375	51,2522	16,1843	74,6427	5,8912	93,2026	72,4191	47,1119	75,711	43,8479
506	64,6583	46,3151	16,8227	51,1366	66,9486	48,1038	95,9976	66,0957	8,19	15,3593
507	80,6703	17,6813	82,4558	76,8208	47,3876	3,7598	68,3944	43,2849	26,7544	17,9458
508	31,6262	9,4177	36,9055	77,7834	40,2458	36,1076	26,6766	20,7077	78,6411	74,4478
509	68,0569	9,4764	13,3895	69,6044	5,3834	10,281	91,4528	56,4785	35,6746	82,2799

511	36,3919	5,8368	46,4265	24,1009	48,8718	20,5671	27,5574	34,7065	61,82	82,5956
--
513	75,8952	99,5677	34,789	12,8329	1,981	86,5155	99,7612	35,4262	67,7784	38,1229
514	13,7099	28,7381	79,4359	15,5071	85,675	10,4205	89,3445	65,7193	51,5858	79,1644
515	71,1417	36,8466	80,064	28,1792	35,5289	72,6023	76,3026	40,659	57,7472	35,1155
516	43,4031	40,692	64,9525	40,8892	85,7464	81,1217	54,0787	59,4234	82,7226	7,2238
517	53,4263	84,2336	5,3118	5,7776	59,6455	21,8072	84,3085	58,077	24,6273	15,6959
518	34,2186	60,8717	97,5774	13,2832	48,7066	44,6601	71,1845	93,6861	68,248	30,6415
519	58,7074	77,2	8,5079	19,5289	27,3723	31,7051	56,9817	62,62	98,6295	95,7286
520	98,1597	63,31	75,3472	8,0651	10,1766	80,6763	68,0202	58,725	24,2101	80,2223
521	11,1439	53,0763	76,8206	37,4948	59,4928	78,6143	12,2589	53,1817	62,2284	91,6703
522	20,0446	1,1665	96,3667	4,825	73,8434	37,5007	74,9642	57,0976	91,7606	6,2903
523	36,1113	61,9634	4,9919	52,2306	58,9027	29,1267	53,6979	63,1926	55,5086	11,5959
--

526	81,4679	26,9576	88,6697	29,0434	86,3157	18,0715	94,3385	65,5441	2,9493	2,0032
527	30,4048	99,695	32,7734	41,6319	0,4439	3,5259	12,0436	85,7464	59,3991	34,8439
528	52,7603	77,8568	61,9196	1,833	9,2949	98,4176	72,5915	48,518	92,8031	23,9252
--
530	80,1217	2,5208	97,8249	17,1222	80,3262	81,3432	46,204	35,4122	11,1706	11,9774
531	50,0901	99,0288	97,6142	19,5224	63,9698	61,5138	43,8993	28,74	65,8027	20,0918
532	84,0238	82,7639	60,9253	72,1826	47,5046	31,9662	20,3075	30,2283	7,8661	69,5384
533	68,0262	1,7703	39,2603	24,8154	74,4243	37,165	66,9705	96,1207	84,8279	92,0504
534	25,2851	32,0171	43,6738	9,8556	96,2352	5,3903	60,5181	13,0676	56,0795	96,1439
535	9,8521	33,8625	30,923	84,395	25,3591	35,4822	10,0536	86,0483	1,5727	51,4749
536	91,1904	39,4946	25,5193	15,2213	30,1273	51,9031	57,6308	62,1275	2,8169	54,1141
537	51,8301	7,5565	86,298	76,1293	97,2441	96,2916	42,0363	34,5301	15,7449	96,1922
538	48,4315	23,0343	30,2073	48,6165	74,3374	97,4864	17,5889	67,4066	35,7422	8,7035
539	68,0695	13,785	25,0056	35,433	41,2872	28,9241	6,6898	33,31	57,1479	69,3554

541	71,4407	10,7292	57,8591	91,6355	82,2302	71,8719	26,5189	24,6862	95,5661	24,2973
542	7,4489	75,9058	8,5843	70,2849	42,1085	88,0182	19,236	7,1316	23,2345	32,5071
543	1,2155	14,5532	90,6908	94,3036	36,7488	72,4928	46,592	50,7247	5,239	61,0119
544	52,5349	82,9971	21,5996	37,349	38,387	2,6618	34,247	58,1466	36,1411	40,5808
545	26,192	81,3908	86,3815	30,5799	23,5856	53,0894	68,0516	1,6596	82,3838	24,9198
546	74,6348	21,2942	36,3455	28,9648	3,2695	12,1049	87,3245	3,8828	59,7056	8,3518
547	55,8955	34,2529	36,1341	99,4337	71,2633	1,5948	4,7679	72,5274	6,7018	35,6898
548	19,5182	91,3626	16,2464	41,2148	90,9431	40,4153	4,9455	87,0745	39,0009	43,6594
549	18,2593	30,3292	64,8246	1,8867	3,0444	46,7817	96,5161	41,497	94,7324	82,5993
550	53,5239	94,6014	36,5862	90,0452	23,8113	15,3189	39,5731	8,6447	24,9503	41,3675
551	33,7303	18,9482	31,3368	8,2084	82,6511	63,9984	83,9351	35,5783	9,55	1,067
552	16,1653	97,7444	85,2913	94,4727	9,5963	93,4476	25,0289	84,6225	74,5213	47,1824
553	67,6782	24,352	95,4859	48,9537	78,7638	30,6267	81,2379	27,0622	3,1808	75,6566
554	44,8956	78,0888	56,4963	21,5165	40,5772	54,9244	33,6299	1,1154	91,1442	95,6945

556	58,9001	93,4692	11,61	57,295	70,2408	31,6976	91,1376	31,942	88,2716	7,8067
557	54,4301	44,0405	92,2974	12,7249	3,0228	34,2798	53,1701	21,5635	90,7875	6,6533
558	81,5191	5,873	58,699	46,3087	80,8856	15,5412	48,6926	23,3845	20,6132	38,6387
559	99,7716	60,9543	74,9877	16,3329	96,0368	51,563	79,3842	40,4372	97,5438	21,8572
560	85,7393	4,5624	71,8869	73,1527	71,5041	55,7713	84,2415	26,7585	51,2633	41,5481
561	7,7485	22,8311	62,6344	71,6014	35,1807	67,5718	29,8718	95,3758	7,1919	12,6963
--
563	97,8798	47,9363	64,1791	89,0686	88,4999	54,5435	25,4848	94,5902	3,3159	83,293
564	59,3119	44,2359	27,3772	52,5834	73,1144	93,3858	84,879	31,5113	33,1226	84,9293
565	85,1067	5,5223	34,5275	23,3777	21,9337	90,3341	91,2562	4,4157	63,8442	5,6466
566	1,2917	68,5929	91,9127	69,662	13,8965	81,2685	23,2732	27,6735	63,8284	20,3749
567	93,3273	90,6972	63,7422	59,4924	98,626	90,8727	58,6966	94,9181	20,6946	80,9015
568	88,0304	67,6874	38,1165	34,691	35,6212	13,4834	33,654	72,1237	26,8064	45,9543
569	62,4626	97,8537	75,9946	47,2765	40,3227	29,3988	74,7279	41,5674	22,7127	7,8139

571	72,6933	92,7714	62,289	71,6567	68,4955	39,5649	27,3085	67,9616	60,7865	71,9715
572	15,5526	34,7645	83,7961	13,3647	47,9127	4,6308	12,0169	92,093	54,1867	17,0192
573	75,8839	89,5826	36,8841	22,2995	0,1273	71,3299	94,458	74,6201	56,5445	0,7455
574	91,7571	13,0899	47,3609	24,8132	3,6601	11,2984	78,3113	51,7887	0,2851	90,6399
575	46,1032	57,7782	26,3232	85,0228	29,2911	2,7916	50,3685	30,8961	88,9466	51,4187
576	92,9728	87,4816	58,8298	74,943	24,5359	97,4866	12,9525	20,2658	4,2064	71,8237
577	48,502	61,0102	19,2032	21,0337	68,631	66,9695	34,7516	8,9192	11,6852	3,0948
578	2,9722	40,5512	35,7696	50,8398	65,873	97,6387	22,8615	84,808	4,9028	34,8392
579	38,781	53,5361	63,9668	66,4328	95,8649	49,5756	12,9694	20,2833	58,7805	39,6954
580	13,7904	15,032	34,7252	65,7994	6,1584	26,1327	52,7672	6,8143	27,5698	37,2428
581	7,7098	39,178	81,121	32,7832	48,4826	51,9114	60,8174	26,4076	30,0618	57,5834
582	8,892	37,0064	28,2898	27,4159	96,5436	10,5399	2,4851	29,7288	61,8887	86,4595
583	26,6534	65,2769	66,5397	12,183	90,2208	77,9995	36,8041	13,8976	9,0822	7,2739
584	78,7228	21,0964	0,6659	56,2422	79,478	27,1614	11,2929	68,7448	24,9733	7,3037

586	50,8748	54,8559	62,9903	58,5638	60,7081	42,2101	81,569	73,4302	76,216	76,4176
587	5,46	19,7433	4,7064	55,7945	69,1226	76,4877	58,4457	61,1495	50,4788	48,3466
588	93,1545	61,9469	83,8947	0,7415	7,2698	15,2163	35,6231	32,7775	17,5588	94,8285
589	83,514	83,7832	59,64	21,8585	0,0279	65,6694	65,4969	18,9906	3,4177	3,91
590	85,3639	47,8459	97,0939	77,4171	91,7809	98,0017	63,5372	15,7759	26,3686	30,0052
591	63,901	8,1255	66,8804	31,2898	39,5703	58,4188	34,7688	31,4674	27,9138	37,5667
592	21,3006	11,575	4,8149	35,7784	90,7608	79,0534	28,7515	93,754	88,8666	6,5067
593	87,511	56,0372	33,8619	39,7276	19,9934	75,9241	84,2374	99,5022	34,1399	91,0903
594	12,1521	20,2968	21,9413	28,6249	17,8977	25,1165	49,2653	66,6454	75,5361	80,4034
595	42,9749	21,6208	33,695	4,3905	80,6909	92,7011	27,8939	30,693	64,9706	91,3946
596	46,1551	4,7785	22,502	67,0544	88,0774	18,8171	13,9855	8,8963	13,7621	9,3709
597	47,3667	76,9878	95,1691	4,06	56,2017	35,1045	45,6753	7,9518	28,4263	20,9778
598	44,0873	44,5032	18,9019	69,7752	39,2232	32,9885	53,7042	62,3233	9,6797	66,3121
599	0,9333	20,1963	76,2658	5,3501	61,988	28,9046	78,6674	92,6244	36,5913	90,4066

601	6,0063	85,027	12,3319	56,9441	42,8826	45,2198	88,1489	42,2337	2,2724	15,9698
602	93,3298	60,6238	9,7258	37,4442	58,123	65,8982	15,1035	99,9012	35,3256	84,899
603	15,4125	17,5885	67,7905	7,5461	70,712	38,7346	79,4184	46,1628	59,9513	31,9557
604	99,4303	65,9381	3,3786	21,6477	18,5463	56,4999	52,2374	40,492	1,0267	56,9476
605	73,3635	15,6261	92,3665	6,805	86,399	29,4823	68,4667	34,9242	20,8105	15,6407
606	14,4268	52,7347	59,2938	98,6475	70,0663	51,6406	19,2485	6,8038	91,956	33,8539
607	89,0424	61,2447	21,564	62,363	33,7822	11,7644	90,3768	92,5846	69,9323	5,5138
608	22,5827	13,9325	19,2036	64,5608	17,3721	2,3356	59,4686	88,833	58,6505	60,412
609	5,8523	24,733	39,3352	1,9929	10,2274	59,8838	67,5605	76,2801	64,5203	41,9714
610	10,3876	89,313	98,714	68,7828	24,5657	65,5988	35,6414	25,7024	28,0497	20,7625
611	72,6677	6,8829	59,4599	62,3674	86,2535	72,453	14,8927	11,4942	70,9089	51,1544
612	73,1301	13,7826	83,8638	45,3727	51,2001	81,0176	35,0981	36,6748	14,3441	43,5756
613	65,759	51,3337	84,5953	83,3701	39,0795	13,6629	18,5785	71,7802	54,6965	8,6855
614	16,0807	71,5081	68,2424	98,2082	0,3189	26,4308	6,3528	84,4062	64,1169	5,4212

616	5,2278	22,4345	53,2553	33,1748	69,1881	76,4234	85,8391	70,0617	43,8678	89,4977
617	6,5649	11,0223	71,9967	51,6083	88,0147	23,09	69,8679	47,7003	4,0395	63,1359
618	96,6643	0,5205	38,8832	14,2615	17,3248	50,9749	60,3602	1,1593	30,9371	23,6003
619	47,331	31,6442	7,7379	30,1936	38,2409	20,3225	19,3078	83,352	82,6124	41,4977
620	24,6914	54,6202	71,5988	5,5317	94,8423	53,2244	80,4178	55,1854	93,0921	5,2591
621	12,9052	86,7285	49,3437	21,0694	25,3387	93,2929	32,2276	61,0708	19,683	95,6744
622	56,8937	46,0935	3,4976	22,0602	15,4318	6,7894	27,2757	36,7335	31,9204	9,5329
623	73,2039	17,1251	10,335	6,4725	55,7021	33,1374	74,8387	55,7548	51,358	37,9644
624	26,3287	77,118	33,8292	36,92	93,0048	37,8581	56,5892	2,0224	30,5259	14,3381
625	29,5176	12,7567	31,2258	92,6416	19,4725	14,2563	31,1022	67,2081	72,4253	0,8821
626	98,8797	36,0755	65,2037	4,62	61,2412	56,2745	51,7096	3,3711	87,8204	76,4776
627	85,8311	65,1442	58,1175	63,3163	38,9346	7,8002	39,2852	39,9027	89,4004	77,9541
628	12,3571	62,8898	98,7517	15,6303	17,1424	2,29	10,4655	2,4658	29,0809	67,4784
629	77,1337	73,3259	97,9515	56,5216	32,846	33,3058	73,9682	83,5926	71,7109	29,0167

631	16,2605	66,4538	33,5794	41,8519	15,5979	27,5598	94,272	55,5246	92,173	41,8149
632	79,5584	88,6625	25,9765	14,2491	84,4853	13,6023	52,9946	39,1962	14,0347	27,6556
633	96,8333	50,2309	44,1461	73,4689	61,8313	36,3532	77,0034	52,6267	36,7075	92,6684
634	62,3036	20,9357	73,8443	4,4463	85,7746	57,5009	23,2007	49,6542	62,6075	94,7131
635	29,7955	16,0667	87,7333	14,6607	70,7029	67,6136	90,9048	80,3254	16,6374	2,2017
636	79,7341	97,9724	44,9673	52,6309	82,3674	1,8098	12,9401	47,3274	34,4673	34,2919
637	76,961	52,0229	17,5772	31,0259	6,4662	57,2898	0,2001	81,9909	51,2399	62,8055
638	74,3975	57,5397	10,7146	92,4097	15,8374	70,8887	92,8371	58,7741	26,0985	64,16
639	10,0671	10,5061	92,1976	72,4555	84,2	33,183	28,0104	34,8513	23,1903	46,2282
640	31,0927	61,1355	20,7827	80,2503	81,8445	47,7961	97,6288	61,9925	86,5874	59,251
641	82,9969	93,3788	97,21	83,6391	76,5788	46,5111	49,4189	59,2957	69,5747	57,5217
642	47,1212	64,2298	5,3156	87,6219	32,3931	51,2741	73,3323	79,7189	32,0713	25,0522
643	98,1692	71,2431	80,4952	1,8713	87,7245	96,3911	95,3259	28,3218	52,6995	58,2896
644	25,6973	75,0744	41,074	88,2083	15,8671	10,5625	33,7818	90,9141	94,7354	19,9609

646	28,9719	8,3439	49,8413	46,8987	81,972	67,5624	12,795	24,3882	59,289	52,1742
647	96,5853	18,6321	25,8677	88,4407	60,2785	8,0311	3,2846	74,1369	35,0829	93,2759
648	64,1716	83,0343	41,986	58,7871	75,9881	52,5008	97,3419	89,1489	82,0743	53,3096
649	7,8944	80,1067	60,5454	47,3658	69,2955	44,4593	86,8484	87,3979	47,3205	9,0744
650	39,1856	79,0245	49,3484	94,7171	14,6191	14,184	30,6072	11,9017	96,0735	37,4418
651	6,1527	92,3193	0,5164	2,6087	31,2024	56,4859	48,5261	12,183	14,4944	81,1717
652	11,104	99,7561	50,8802	76,5759	38,534	76,3204	75,7825	42,0975	57,1666	35,4882
653	0,9985	75,1171	33,8573	42,7118	12,0552	21,233	6,935	89,1915	11,4581	18,6511
654	21,3589	98,3454	51,4609	66,3433	34,5288	86,8738	39,4101	21,4342	16,4412	97,3485
655	78,6312	29,5901	42,3155	72,8998	84,0933	87,9535	40,3045	50,5484	54,4849	51,8394
656	72,7188	50,4454	52,8323	74,5089	31,9227	96,3046	26,7556	86,8941	28,9971	22,5459
657	6,0633	72,8659	11,3314	7,0479	79,7922	26,412	59,9598	46,021	18,3392	69,96
658	31,864	46,859	72,7261	43,8079	83,4481	25,207	44,9125	84,9741	24,7354	21,4354
659	32,1804	2,6062	26,3337	78,9568	1,8798	31,9216	91,1064	38,5522	28,0781	91,4777

661	54,3976	19,0273	32,1841	17,8224	94,1358	33,7599	60,5308	84,5601	73,3759	27,9941
662	16,037	12,6594	21,7197	50,8352	94,5736	11,8506	64,0347	50,7734	26,9519	53,244
663	38,5622	4,9787	31,0584	34,0606	74,551	49,8863	61,6647	83,4686	36,6858	51,6418
664	59,1288	80,8943	61,5281	2,6174	51,497	20,9721	96,7582	34,0471	60,6437	99,649
665	33,6891	65,7437	22,2548	66,1906	26,687	65,723	6,7396	42,5775	9,7275	75,7569
666	38,3284	22,9205	70,2642	46,6701	44,6859	20,0687	51,1397	31,8566	60,8516	4,3155
667	43,7621	31,7556	74,4447	42,5131	37,6852	16,7098	78,0901	99,0544	0,5246	11,4599
668	45,0761	79,2057	33,7211	59,385	59,6618	86,2468	92,8095	29,2219	75,3062	79,2122
669	98,6016	21,9019	1,9934	4,568	97,8111	23,5936	60,5936	97,2911	44,3464	79,8093
670	27,8542	53,6622	20,9759	28,5408	14,5854	12,5701	5,306	59,8973	93,071	22,9195
671	19,8576	8,444	27,6915	16,1156	10,53	47,3386	24,68	5,8565	19,2847	74,628
672	27,2879	99,1335	17,4143	30,8695	41,1144	39,9527	48,8441	49,2089	71,7527	23,3445
673	85,3225	59,1333	59,6583	3,3721	4,6277	87,4587	26,9619	72,407	66,1302	57,7672
674	56,9467	25,2856	54,1375	69,5905	31,346	36,9641	69,7016	87,058	91,8568	1,854

676	77,8815	93,5382	30,9356	43,7514	49,0427	41,9831	53,7042	29,2823	2,1934	60,0334
677	92,269	81,5745	46,8269	90,8214	63,9956	96,2805	77,3469	15,8484	17,8456	37,0852
678	99,1855	57,1733	92,147	0,1077	83,3179	96,129	19,8082	42,8448	64,3297	25,074
679	1,7168	48,0482	34,6101	20,039	63,5411	13,9939	75,8658	62,3198	28,701	97,8902
680	82,4264	50,178	14,0381	83,5679	69,1354	46,7083	24,6382	80,2562	41,1011	42,8661
681	41,0949	79,0222	87,8779	54,6894	37,4842	14,1572	59,4814	24,2943	47,3783	89,246
682	35,4647	94,7058	40,2008	46,9215	19,6293	34,7167	86,2751	36,4049	98,084	18,9431
683	95,1994	86,4457	61,5092	39,367	7,367	28,3617	81,0142	37,7643	62,4217	28,9507
684	96,0285	61,6613	90,9005	1,6637	39,7211	30,44	83,0831	95,3032	45,4962	22,4439
685	38,0515	93,256	1,7094	0,3003	16,2897	40,9368	43,1596	74,7361	81,2188	17,306
686	82,5112	66,4108	58,1712	93,073	82,7477	90,0142	72,1152	25,1064	86,0032	29,0375
687	18,8478	24,8037	13,3001	94,646	42,1251	74,3271	98,1934	47,8943	52,5491	32,7264
688	31,554	65,7847	42,4938	46,2094	19,186	11,6879	23,7193	80,6327	87,8473	24,2702
689	4,7988	61,9403	68,9766	73,6129	97,6575	95,9792	60,2297	87,1317	26,284	29,2089

691	74,9492	84,1158	78,0593	12,9097	74,7151	84,5343	42,4046	63,2468	27,9509	47,2356
692	81,292	51,135	49,1806	64,5823	68,0303	96,364	86,0689	23,5472	95,2245	84,3682
693	31,4486	7,1747	74,1075	80,3683	29,9166	31,6933	61,2783	52,3237	84,514	31,7499
694	59,22	22,3199	18,5666	67,3609	77,3329	62,9105	23,3035	70,2709	45,0591	39,2883
695	60,1017	31,4028	43,2998	75,9737	88,1323	89,8405	78,5219	7,567	57,4817	65,5425
696	86,7633	35,0204	3,2154	53,3403	66,4632	64,6839	49,6182	95,579	44,4398	98,6515
697	2,0248	62,8976	28,3193	64,9297	65,5247	31,8625	28,5739	77,8738	0,5966	60,0841
698	52,9485	54,1916	66,0282	9,8711	97,7967	56,5225	52,3582	29,7458	95,4497	78,0358
699	98,2347	35,9944	53,5426	93,5228	75,473	10,517	27,0565	94,219	77,6357	77,9491
700	23,8961	14,6491	5,7366	98,3206	84,1279	78,8185	51,7838	8,1743	59,7574	82,7694
701	68,2957	65,4192	38,6775	78,9437	33,8337	7,2403	39,7915	69,5147	91,3558	47,5437
702	29,0619	76,9812	77,3454	61,2258	88,606	24,541	25,1584	10,3908	45,4609	52,406
703	54,5907	35,171	87,3699	27,2886	82,433	67,9805	46,8767	79,1891	50,6194	28,7785
704	69,6523	72,2015	52,7341	72,7219	44,6574	16,327	27,3426	81,8036	28,9623	87,2909

706	19,0346	7,6398	40,4975	83,5687	2,5142	48,0942	0,4488	96,2775	66,887	77,3589
707	70,6011	20,8325	5,9151	77,7586	83,2432	52,4252	13,3465	46,1643	80,5591	72,113
708	79,39	16,1907	0,9047	90,9798	86,7254	68,2602	79,517	40,6329	37,6598	4,4953
709	53,0877	38,832	80,1895	69,4416	32,2638	84,0424	30,0526	65,9894	66,3856	94,1011
710	14,321	24,6467	8,2691	14,4168	4,3302	62,3676	99,6377	26,8744	74,221	67,0353
711	11,507	48,5527	45,048	19,7865	27,7406	42,0654	77,3989	93,9281	0,816	81,0312
712	86,3255	56,2998	17,3239	77,0003	82,9438	74,2865	26,9636	5,7344	12,1847	91,8348
713	6,1061	71,0893	82,8964	61,5325	43,8998	23,8679	41,6292	30,6311	55,7412	84,3415
714	28,1493	90,8583	59,3092	58,3115	26,3916	34,3643	19,3624	61,0131	14,317	78,4435
715	12,6085	60,6568	73,0794	4,4699	69,6632	2,5896	3,5019	6,3072	85,4372	66,8826
716	67,9647	1,1081	76,3977	53,1343	47,943	16,7777	57,2267	43,5342	89,4597	65,2665
717	31,0842	21,815	56,3858	21,4622	53,0851	43,495	48,4992	52,6037	93,1578	97,2754
718	77,8418	16,2459	17,1669	26,0853	29,882	37,2374	93,3564	79,4075	59,1232	63,9953
719	25,2809	54,7411	0,1169	39,5962	85,25	80,7358	85,6698	68,6811	59,979	56,0253

721	33,1473	34,6057	22,0265	89,6876	91,7246	24,1155	27,8476	16,404	1,5573	25,8932
722	31,2069	37,4289	76,0985	6,493	17,9416	90,2159	35,9732	41,1861	80,0934	49,1345
723	51,7016	39,8502	81,2884	90,6089	69,8015	40,5135	64,3917	45,5594	37,251	26,1167
724	7,5176	82,0416	3,6201	24,6969	23,1126	3,4422	24,2608	35,8179	88,07	61,9294
725	2,8622	72,9662	53,2289	46,6524	35,1106	41,2947	34,2212	77,6547	54,0318	57,1562
726	7,3333	89,6315	81,2797	51,3238	60,4676	93,6924	3,016	28,9443	27,9272	22,0706
727	91,945	21,06	68,0935	42,0066	11,2081	26,5438	59,7713	66,4582	59,8832	56,2401
728	8,1701	17,3298	25,5393	62,4869	40,6448	7,7757	91,0478	71,0988	19,0039	2,3786
729	32,4887	87,1505	83,5018	76,7631	2,6012	43,6736	19,7862	70,8908	89,4371	62,4538
730	62,9686	47,3996	59,421	35,7605	58,8431	98,6915	4,7414	79,5772	97,1922	25,4611
731	11,9957	93,0815	74,4639	45,3447	37,3505	64,6191	75,0875	83,9348	74,4834	87,768
732	50,6153	30,8944	32,0151	9,8852	20,9215	51,2516	37,5249	53,4089	56,8647	79,0427
733	56,6433	48,1381	49,8849	48,2489	98,6364	93,7127	88,0502	97,0449	79,3209	59,2012
734	49,9761	45,5538	77,237	60,8299	90,9288	75,0775	43,7248	7,3374	86,9738	71,4634

736	28,6137	74,8296	56,6823	65,2322	75,0235	56,8379	42,9276	86,7025	21,7633	40,1055
737	40,9366	6,7783	87,2739	4,4753	18,7623	41,5593	46,2453	40,487	97,1171	34,3206
738	26,8568	54,9641	1,9474	29,5236	21,7895	72,335	34,0653	42,1297	54,711	38,7772
739	44,8232	54,6734	66,3466	76,6502	78,5016	41,1641	57,5997	95,3619	43,0036	1,1995
740	7,0516	80,2763	36,5402	15,2737	91,2426	97,0967	68,7707	17,1825	70,0086	19,9205
741	9,9967	51,0686	63,0853	86,8409	23,9707	13,3059	97,9541	1,5654	62,7479	4,312
742	17,8186	64,5309	44,7084	71,3612	39,6778	96,0433	89,0308	72,272	47,1067	91,6283
743	31,3799	23,3972	26,7724	40,1376	5,6578	29,5086	67,2656	45,5827	51,3584	1,3707
744	42,5477	13,109	8,8866	97,4658	64,8479	52,9649	43,056	64,0458	68,1446	32,9359
745	92,6941	11,7848	55,7755	71,0626	72,5544	73,3036	93,5356	88,1741	73,1776	70,4993
746	5,0311	59,5801	79,2968	54,6815	15,0276	96,2304	30,6403	40,5439	73,4822	95,9322
747	15,4824	35,3657	83,2689	76,2877	31,2555	37,2768	32,9481	40,0475	93,1827	58,8384
748	54,5628	7,8934	36,36	76,5399	94,2349	79,3947	80,3398	65,6197	29,675	44,7296
749	25,1397	60,7581	12,4825	82,7327	56,4924	19,8252	48,9898	28,9751	93,6653	67,494

751	91,825	63,5963	92,2538	45,5412	39,8912	39,4454	36,8201	22,8643	66,0689	45,1694
752	92,6822	38,8287	96,0395	47,9832	19,1043	8,2336	10,0869	51,8576	56,7158	72,7211
753	27,2921	1,4022	99,8475	97,776	75,7404	70,1914	18,6756	15,0022	87,2449	14,4658
754	23,8345	10,8303	16,6482	96,261	42,2479	19,6462	27,2456	51,866	56,2175	66,1979
755	37,2809	5,3919	22,4212	22,4602	46,0251	77,5619	52,2119	78,2379	2,7712	36,3418
756	28,9254	71,106	23,2482	62,2107	9,2163	90,6943	19,7566	46,5147	70,7715	71,328
757	99,5869	63,8541	79,7768	92,7154	31,854	33,5354	50,5129	21,6633	77,7194	4,5342
758	38,8673	39,256	22,5227	93,2488	59,9215	18,591	32,2867	18,7777	24,136	63,2404
759	69,3086	1,3516	71,4678	87,5453	8,2275	36,1859	4,5899	33,8299	34,0248	91,5355
760	64,6062	15,7833	33,9946	47,5127	95,5748	93,2304	75,7616	68,7457	27,449	48,4109
761	61,3401	20,1655	16,6943	86,4802	54,119	92,4773	17,9821	63,7784	83,8495	81,6243
762	75,5369	52,2318	32,4305	53,5425	23,0252	42,5337	3,5111	83,3843	3,2116	12,3938
763	3,8551	12,1093	54,7134	53,6234	0,2961	51,2994	89,1318	13,373	94,2232	88,3689
764	58,6681	32,4833	10,945	6,155	37,0152	50,6284	92,4861	71,0202	47,0872	0,0697

766	62,749	9,151	4,4546	93,1439	64,3492	5,6899	28,7801	80,8189	82,4856	27,7091
767	76,4814	70,6399	4,573	49,5116	86,2924	9,4625	3,664	26,2378	84,8765	99,9484
768	74,7461	24,9176	37,2	82,5949	58,9056	9,0343	94,8502	72,8099	48,8412	60,1291
769	54,5571	56,482	67,8847	18,9596	40,3672	66,9239	42,7413	9,3854	60,5875	94,0154
770	94,7491	13,7914	25,2651	75,5945	22,2944	99,9381	43,9626	56,2426	97,0409	29,9523
771	64,076	18,075	7,8598	11,4053	84,0887	16,6241	84,6694	32,1956	81,3124	20,6164
772	6,8728	66,3775	59,0631	59,8262	99,4634	13,9709	90,2242	57,7306	70,2679	24,1342
773	5,3767	54,5499	46,817	6,9056	90,5192	83,0888	10,7261	48,4417	5,9127	66,0089
774	93,5665	92,8868	16,0538	1,8424	41,9038	95,2407	69,6805	51,3701	27,2118	24,7308
775	82,8598	89,2387	58,3514	76,8019	8,6312	13,8728	21,3869	91,1316	0,3898	67,6745
776	68,1656	32,2702	9,3608	3,9764	80,046	85,6104	58,6001	28,7792	51,73	49,0727
777	56,739	84,5539	39,6561	64,6437	63,0402	53,2149	14,16	46,8282	45,6351	2,3078
778	37,7777	46,48	59,094	1,0292	81,5402	40,0484	5,8541	21,3925	41,9559	45,2927
779	4,6841	11,7998	77,8618	52,3912	62,5276	78,221	72,7165	71,0118	90,0136	76,2505

781	33,0102	95,4601	41,8408	87,1289	86,8622	93,1583	47,2954	36,6995	29,0674	43,0685
782	33,6956	42,1728	87,9108	51,098	96,566	55,3198	11,6545	36,5694	72,531	22,7843
783	82,9293	28,8813	64,7141	37,8815	80,0023	98,5513	3,4281	24,0934	76,9126	73,7539
784	81,8371	23,7455	44,7347	45,8695	54,8035	19,464	14,9647	84,3335	7,126	35,0935
785	80,1148	12,322	54,2272	39,8381	55,964	34,6283	85,6882	26,8221	95,6997	75,11
786	99,1283	45,885	68,9788	51,4407	18,5336	91,662	49,3012	82,1353	84,5106	24,5426
787	90,5542	84,3002	49,2705	64,5714	81,6644	24,7431	50,6464	96,0309	85,5913	90,7851
788	83,1389	13,216	94,9826	72,9013	27,9488	96,1174	4,3579	60,0027	52,6672	85,297
789	97,9954	50,1625	58,0045	82,8011	35,7885	24,7642	79,9469	26,3754	7,3955	9,034
790	64,8757	68,4604	0,9148	88,6122	45,6536	5,8287	50,3023	50,7059	44,291	32,7994
791	61,9145	24,0848	39,8825	12,3322	34,4097	40,442	56,7887	81,2206	43,9855	13,9542
792	15,8505	76,2429	37,7876	88,8066	22,8861	59,1098	46,2173	13,2482	52,216	53,0068
--
794	14,0371	82,652	52,3742	35,7514	14,2836	45,7458	5,3528	76,997	0,8226	89,4403

796	4,4987	66,0727	97,3723	48,31	60,9418	7,5343	83,8604	21,1629	18,0731	69,1538
797	49,6577	44,972	35,0088	12,1151	45,9086	20,7109	68,1203	6,6939	6,4858	69,1308
798	31,9546	52,1888	1,0143	86,7868	11,4891	48,0184	54,7506	41,2749	21,4298	64,8604
799	97,1837	58,652	50,3399	76,3098	88,3009	4,161	6,3497	48,55	54,9983	99,6487
800	18,0699	50,8264	71,11	27,2767	19,6298	7,0544	82,3165	19,6427	53,6539	24,7167
801	34,1789	76,2492	48,8349	74,6106	53,6705	63,2545	55,2873	53,2094	21,5496	72,7317
802	45,3368	79,1003	42,1471	52,3207	87,343	35,7484	85,7039	60,1447	17,5211	10,5737
803	54,8267	33,6812	1,243	82,715	90,8655	92,0071	45,0762	31,6923	21,9741	31,8382
804	78,0144	38,1905	29,7972	11,2603	67,0877	24,3175	12,4314	92,6602	30,6201	46,9524
805	94,7212	95,017	16,9236	5,2451	85,8088	45,79	93,3679	36,3283	80,6054	95,3482
806	41,2743	1,3419	60,1663	59,7551	99,6294	91,8525	82,8622	40,7977	69,6938	10,3075
807	85,5167	14,467	51,5563	75,4308	19,313	98,2928	15,6169	41,0431	68,5027	83,4018
808	34,8778	77,317	91,797	53,9467	47,1004	3,5874	80,7363	70,2742	45,2033	28,3628
--

811	45,296	61,017	77,691	62,8595	88,9201	73,3089	77,6738	43,414	52,1787	32,4335
812	44,0487	14,5314	68,6981	15,4732	34,4661	55,6588	62,5907	68,7977	4,4586	31,433
813	14,6138	55,5221	21,5344	72,4472	63,708	42,2326	89,1115	6,8169	42,102	40,5001
814	97,3429	33,9562	19,4493	48,4618	37,6438	35,1362	43,3085	53,2614	60,2207	84,0475
815	98,6848	74,6376	40,9281	74,624	14,4805	67,4149	62,6202	0,3993	9,9751	11,4291
816	9,271	48,5483	86,1336	26,5643	90,3084	66,1339	28,6935	0,0176	49,1278	46,5489
817	93,0035	5,4691	97,8214	61,4277	18,0215	90,4987	46,9955	1,9337	84,8936	83,4865
818	60,7178	31,9162	99,1397	74,0893	19,3331	87,8445	64,787	49,0608	13,6634	36,8297
819	31,4445	83,7086	76,1392	16,8631	71,0557	62,3883	37,4733	95,6979	78,1635	54,8364
820	28,6014	13,6815	46,5702	44,7561	71,1034	66,8866	92,4652	21,4349	29,0474	89,1941
821	80,0483	37,179	26,9	56,6506	58,7079	33,0994	0,5324	89,0799	22,9644	27,2435
822	67,9368	49,6226	27,8125	31,4636	25,703	50,3675	74,8273	38,0802	81,4009	93,7157
823	61,7153	90,6454	27,0848	95,2649	79,0526	82,5736	93,5467	58,9324	37,6026	17,5847
824	72,1847	43,1664	53,0436	4,1791	92,1754	11,8446	18,3307	77,1048	79,5926	71,2886

826	56,564	62,9404	42,3796	18,1013	19,4742	79,8119	24,8321	53,6647	68,6426	67,2794
827	81,5832	63,9075	10,0129	52,662	80,2713	80,0937	48,2228	22,1674	75,4218	5,3938
828	28,869	47,1477	79,4716	85,1997	11,1767	67,9919	46,2681	96,3514	84,9713	73,6685
829	72,3154	12,2389	7,0878	87,3808	57,1995	40,1122	51,6003	96,4441	4,1417	25,8614
830	57,2525	19,2587	53,9548	9,8501	1,016	91,1092	69,9697	15,1295	78,9853	87,317
831	57,6147	56,3429	61,0627	1,2872	61,7419	98,6583	34,4862	39,033	28,038	91,5187
832	15,1571	67,0773	83,9041	35,8759	85,9127	25,6825	45,9326	61,7852	11,5222	39,8034
833	53,8488	81,3382	61,1663	56,2495	33,7234	83,8125	11,6159	10,3875	19,4389	69,1993
834	95,2288	87,8423	5,2486	86,6127	14,0603	38,02	93,5822	60,0124	75,4948	23,7225
835	87,8141	47,9266	70,8791	39,7895	58,6107	93,6749	35,6017	56,5621	19,3053	36,5342
836	54,1707	46,3714	28,1461	95,8402	69,6537	27,5956	98,6198	48,5882	35,6393	41,8731
837	27,7788	59,3659	34,9864	56,6306	50,3418	21,5676	12,4085	99,8659	69,0681	86,2075
838	89,7641	53,4366	56,8752	5,1267	15,8354	71,2967	13,7554	85,3239	89,2477	24,4428
839	19,081	65,4446	16,1639	89,8643	64,8237	88,2596	44,6855	52,4139	65,2202	97,5804

841	13,6289	35,6906	56,1864	59,276	86,0567	14,8335	41,6546	65,3653	81,6499	55,8237
842	14,8246	23,6183	50,8526	20,5777	25,055	31,1431	4,1764	22,6627	69,6993	92,9158
843	96,5806	13,4267	1,2395	95,4456	41,2351	33,2578	74,3783	73,1803	19,9341	3,6274
844	20,0521	46,6016	45,2106	52,8803	23,0226	53,6793	44,6441	76,9627	24,9993	4,2737
845	90,8671	98,2831	43,8582	60,628	54,1794	7,7959	87,4319	1,7301	14,7004	90,271
846	35,6933	95,3626	38,7624	42,358	14,3306	98,3602	38,8339	23,6069	83,1364	41,9416
847	29,3277	94,8957	40,3294	37,2268	71,5809	36,8145	24,5873	72,6547	80,3057	5,6983
848	63,6681	72,9102	73,9203	88,8214	5,8529	5,621	66,0572	1,739	34,2483	60,8645
849	69,7503	7,3308	37,0659	45,5397	86,9679	0,8853	20,9703	72,9998	91,4521	46,1266
850	33,987	0,2002	71,4336	41,1504	38,8691	79,4406	40,7054	47,2904	1,6822	44,5303
851	48,7201	61,553	0,6477	48,6633	24,9488	32,0605	30,9908	28,838	74,3104	78,7728
852	92,4552	65,2591	63,4368	27,8956	41,1215	58,8603	88,1956	60,3592	85,6857	18,3119
853	72,8764	49,4108	43,1149	94,0075	27,7007	57,3559	59,5872	32,9001	22,9276	35,0869
854	55,8908	50,8222	91,955	55,086	44,7255	51,2275	70,9725	6,0782	3,3567	81,1302

856	94,0083	79,505	66,5654	54,6552	97,7255	64,4275	90,1045	73,333	80,5763	4,8884
857	46,5775	86,2505	28,3183	36,6647	95,248	91,8696	97,6283	84,7418	82,9994	8,547
858	50,9242	63,7406	95,9891	45,297	8,9512	94,2613	9,9806	58,5018	88,105	22,3658
859	55,8815	6,1543	33,3843	56,0513	94,7011	35,3054	91,5388	19,2155	14,1497	47,9514
860	80,9662	29,8846	99,7262	90,7161	10,1693	75,4623	11,8296	90,2706	10,0038	15,8158
861	15,2379	19,3653	39,4931	23,6271	27,734	9,9303	83,2713	71,642	84,6003	22,7413
862	2,7483	7,4331	94,1205	84,9466	19,7371	53,32	1,1189	97,9039	41,7756	69,7967
--
864	66,5324	2,7821	90,3353	11,9472	89,1103	52,582	22,2263	39,3507	73,2023	3,5937
865	71,7752	65,3276	85,1271	90,8844	69,025	77,4245	64,0395	50,055	49,2793	67,9237
866	64,0567	83,7981	98,832	46,4187	18,5357	73,9511	79,6741	25,7205	36,651	44,2001
867	72,8195	27,4422	87,6691	83,9945	36,559	8,6186	13,0119	20,9562	40,5511	50,2719
868	44,1798	14,538	35,1862	99,8291	93,9228	53,8999	21,264	51,0423	61,4412	15,2096
869	73,9507	3,4044	39,9479	59,9353	42,1841	30,0763	73,5026	62,6676	30,2711	65,4535

871	81,253	63,3817	28,9836	87,3868	67,4604	60,7787	85,2601	63,2306	32,8531	38,6176
872	8,1625	71,253	63,6826	77,0147	67,97	83,9215	75,5715	19,8195	72,5782	32,4602
873	2,0517	96,9342	39,8476	78,1468	86,981	95,8047	26,6368	5,1061	79,2324	93,8208
874	74,0253	15,8926	37,073	95,0458	85,3498	0,0998	89,3549	14,2009	77,5058	73,8173
875	97,1357	39,026	64,5414	28,6757	7,6267	71,4489	67,6415	42,7337	77,5171	80,2393
876	20,1595	39,7838	39,6827	43,8964	60,2037	11,365	87,6638	92,3955	76,719	75,7784
877	47,8127	44,5082	11,9864	92,0302	7,6996	5,0433	36,3422	98,6945	53,9162	76,1591
878	77,2788	68,39	62,2526	24,3109	61,3824	62,7145	65,0044	60,0242	88,9426	54,5816
879	66,7383	58,537	91,1706	24,9739	37,28	95,0941	61,7354	82,3821	36,0625	16,7184
880	46,4035	93,7672	16,4285	91,1589	4,2463	84,1717	4,4747	63,3849	54,3134	23,572
881	71,5521	25,4451	21,4236	50,0051	21,0495	83,9993	26,6444	27,5905	66,0073	0,3209
882	43,9856	41,9514	86,5346	91,5745	91,5681	81,1482	20,24	38,2797	64,3788	32,606
883	84,455	89,022	31,7387	31,6686	9,9878	78,8726	65,264	54,1046	2,9669	73,1975
884	85,3068	15,5162	76,4455	24,0543	27,838	88,8127	17,8203	74,833	87,0991	0,8603

886	35,2506	8,5234	9,5786	40,2113	23,4108	71,6871	74,1919	44,8131	67,9919	27,5649
887	34,3344	27,2324	84,3576	59,6122	71,5967	24,941	45,7594	2,0737	16,5588	40,9954
888	92,0954	93,6296	20,4201	96,5975	32,9985	88,2977	68,0166	11,9624	5,2197	51,7931
889	71,4254	74,4788	8,986	3,5753	67,5424	47,2703	62,1142	15,9502	81,869	61,5458
890	53,7835	51,3315	80,7616	11,8103	23,4724	85,1208	26,5956	85,9239	90,9808	54,0695
891	6,3803	30,9776	33,976	3,5652	5,5126	43,3375	9,4508	31,6412	60,9033	43,5978
892	82,2622	73,6013	90,5894	44,7353	21,6903	54,4841	37,3543	46,3179	56,4873	75,3676
893	53,0416	39,3943	45,6487	59,753	70,5087	59,3954	66,7955	77,2252	5,9531	42,9634
894	41,5845	56,5464	41,2537	51,9593	87,0223	30,6543	89,4387	18,6536	19,2401	34,033
895	54,4841	28,5878	5,6298	90,9107	97,2147	26,7779	77,5131	91,3411	77,9488	68,2136
896	83,7232	90,0156	77,0997	92,4063	96,3433	59,7996	82,5145	51,9247	47,7897	94,0239
897	85,9309	60,5849	94,4591	24,7277	25,5226	26,7327	22,2333	61,0772	58,234	16,4974
898	61,1184	61,9203	74,4506	73,7831	11,1193	27,0206	14,8422	15,3579	59,121	76,6757
899	33,6845	73,0807	71,9882	73,5399	8,756	32,1449	80,0945	10,1374	17,3158	65,1422

901	56,1856	55,0615	91,444	63,7549	97,7922	44,0986	77,4612	78,7683	69,6429	71,8116
902	38,5438	42,1612	71,2046	57,1871	25,6207	42,0215	7,2449	1,3588	9,3936	84,1031
903	82,2725	17,0043	15,682	2,6288	67,508	93,9656	84,2526	45,9276	65,3835	39,075
904	15,8427	66,3789	36,2569	19,6242	50,7948	36,4168	85,286	47,0905	75,5671	36,9978
905	15,4561	9,5655	98,5701	32,9343	36,0879	98,6102	15,7649	18,6835	65,4168	0,2611
906	49,3581	1,9725	31,5517	11,6286	43,0021	11,0954	43,5897	56,1066	30,7112	25,1103
907	42,9005	46,27	50,7703	91,0851	10,1562	63,6809	48,66	33,6834	50,5784	65,8577
908	30,1505	6,272	45,8002	55,0684	69,3563	11,3677	95,1877	20,0176	5,6567	90,741
909	36,1414	98,3055	22,3716	78,0695	40,9697	70,7623	29,8376	94,5578	17,4491	32,7878
910	53,2847	94,0249	1,4267	3,6018	32,6826	18,5883	71,4203	44,058	2,8745	58,7026
911	92,5898	59,6991	13,5463	7,8223	70,9789	13,258	40,175	84,0504	96,7976	52,2267
912	98,9455	31,5869	50,2694	94,2751	84,5682	77,4085	53,1783	35,3219	82,4528	68,4909
913	49,2334	36,6276	22,9993	93,2511	70,1546	0,7059	26,0585	57,7234	70,5657	29,209
914	96,9065	76,0421	59,3653	6,9835	76,1069	17,8242	64,3501	81,5139	32,5681	57,4244

916	0,8916	68,7963	2,8156	88,4489	27,9976	47,204	64,7255	91,111	26,4249	76,5708
917	31,7203	10,548	28,5541	73,8611	56,1482	6,5402	93,4408	17,5549	71,8956	53,3041
918	41,0306	61,6372	94,1463	6,5523	28,0675	81,1132	13,6228	64,0284	68,6343	38,4289
919	84,8873	97,0258	54,2101	65,0626	86,079	2,4679	78,2468	95,1191	42,4345	8,1057
920	75,5791	82,2241	67,2014	29,8437	34,9755	79,0676	82,2107	7,7906	92,7933	24,2455
921	14,5378	42,0011	58,5978	7,694	78,6323	21,6526	69,8124	14,127	36,1778	20,8544
922	40,5615	74,5721	76,0406	11,747	66,4875	98,4934	63,7658	23,5901	38,1576	9,4685
923	83,899	67,6749	64,7015	93,0549	2,0608	28,5794	86,2963	53,034	62,2414	3,3796
924	70,5132	64,1898	47,7951	90,8646	41,9478	47,0706	66,2097	3,568	17,9024	43,0705
925	76,0295	57,6154	7,975	20,9705	12,7997	3,6154	61,4633	58,5832	12,7461	34,8675
926	31,1576	80,1005	32,1912	6,1311	32,9721	10,5743	56,5693	46,5075	56,0464	67,6322
927	86,6121	87,9032	74,3158	66,7808	49,7257	32,4133	51,1051	57,9287	16,5737	87,452
928	12,8219	59,6569	26,177	13,5087	58,576	20,9363	98,5892	32,3907	24,939	22,9896
929	75,1019	86,8839	25,1683	63,8905	78,2458	65,6803	77,4636	92,7604	9,9974	25,4786

931	87,7585	77,1271	12,6385	54,9543	21,3413	27,762	80,1567	81,0089	93,1485	19,5397
932	9,0719	2,4504	17,8245	30,601	82,0138	63,0717	11,6036	86,4909	99,0747	28,8823
933	72,6078	18,238	72,7964	39,0694	45,8371	14,5984	36,5885	94,7341	31,1798	57,8076
934	80,1442	15,9727	87,063	23,7661	90,7034	66,5683	31,1445	78,0463	84,5275	62,3138
935	74,1733	98,2817	8,3409	29,6056	33,1797	61,8389	32,0406	71,3615	11,9597	94,3284
936	97,112	35,7644	42,5071	56,4621	6,9073	32,309	24,7795	35,2902	37,22	0,9978
937	1,718	59,8434	33,1284	39,9102	16,39	5,428	79,7135	39,8744	64,4203	53,2552
938	40,0179	54,2906	22,3273	15,1009	89,7212	93,3139	79,2853	22,0258	30,5069	96,6722
939	55,04	26,7806	68,4833	28,9726	14,987	8,8612	16,3336	67,5588	87,4062	50,7012
940	35,4607	76,9626	94,7992	23,4438	5,0871	20,0039	24,87	35,8585	94,6502	41,1873
941	5,4919	24,7491	48,7738	20,0264	98,8765	95,4247	48,1685	55,7247	69,0531	91,2562
942	97,0548	53,1774	66,2701	95,6964	21,2006	92,0901	84,6219	76,4942	42,2759	70,1505
943	73,5827	91,4937	77,1259	74,7065	37,2273	10,33	38,7111	41,142	95,4885	35,8188
944	29,9201	47,8737	87,5339	60,8144	45,4733	77,7159	75,709	7,2428	5,9908	23,9231

946	95,7425	96,8037	63,6432	76,0852	96,1717	40,298	12,1736	0,3291	98,2882	47,4565
947	44,5651	83,4219	53,8147	36,6718	33,8215	25,7401	9,2343	32,372	22,8381	10,7197
948	4,4493	56,2943	38,1418	14,3688	85,475	54,2454	63,9677	79,2887	6,1207	19,6502
949	55,3433	21,2659	97,006	55,8906	35,514	94,2978	2,4698	30,5878	77,4773	16,8223
950	47,721	12,4327	38,4243	15,219	73,6099	24,8952	50,918	2,0918	82,5459	75,8792
951	69,6145	32,8936	68,6526	56,8481	73,8523	87,1433	82,3131	18,5597	55,3259	60,3869
952	99,9073	3,0794	72,3137	17,6836	77,086	94,8525	66,5201	1,287	27,9613	73,4925
953	57,3403	1,3474	61,9391	55,5615	71,4096	21,9227	97,7849	39,9366	69,1351	32,4046
954	47,6024	85,6972	95,1897	35,7748	73,3679	45,1531	85,4894	24,7487	96,9221	32,1746
955	15,6606	6,6094	91,2048	74,4845	43,7002	41,6278	47,8055	41,3599	11,3323	50,2048
956	89,9183	1,1431	77,7616	37,2624	53,7205	9,6417	57,8352	45,4235	17,7029	13,6967
957	6,6476	48,1339	27,3905	79,4707	86,7891	21,5737	36,0227	46,7004	6,6228	68,5336
958	52,4207	94,0737	20,328	7,8686	58,4792	31,7966	58,3203	91,2668	55,3636	35,104
959	86,7965	56,0479	71,0244	62,6764	49,0008	5,9619	38,9974	70,9654	50,0966	32,7841

961	61,3923	86,8543	57,2317	28,6969	19,9866	50,4675	83,1062	79,0866	37,8785	9,8234
962	69,9161	82,9673	10,2188	9,5365	91,2826	53,1888	80,827	80,6129	55,0633	54,8417
963	54,8976	98,7354	66,2517	10,3543	98,4134	77,2397	80,5192	86,4099	0,3828	82,5452
964	56,1646	6,2361	32,7612	33,0908	39,3273	18,9912	56,439	84,4801	39,197	75,467
965	7,5322	8,9396	32,7337	66,3755	7,3915	76,4689	11,5069	39,1485	44,6852	81,9906
966	25,9773	7,8413	96,3226	55,4652	79,7158	58,641	71,6775	99,278	93,3967	40,4931
967	66,03	36,7012	26,6046	43,0283	44,6784	46,9401	72,1392	67,0822	73,2041	85,0718
968	38,2309	57,5628	74,976	25,462	54,1419	41,6571	2,2307	27,1222	69,1621	52,9404
969	45,858	55,7044	7,7005	0,8956	46,7593	26,2875	71,5836	35,7716	10,5744	58,9685
970	2,9572	92,8522	31,7452	2,4343	3,2208	96,0749	0,6735	69,2198	32,0375	91,5408
971	62,086	93,0035	7,7448	70,9911	54,98	18,7752	36,8355	79,0382	52,5506	79,3901
972	12,5185	64,4402	0,6984	87,2821	97,6788	21,7924	35,8883	96,2471	87,9841	59,8974
973	50,1125	28,3213	44,0962	14,5694	35,7347	81,4816	17,7996	15,7766	61,8331	30,4815
974	72,4677	5,2446	21,6754	51,216	55,8134	71,3002	4,3296	54,6528	52,5631	73,3518

976	30,609	73,1664	80,3151	66,9124	93,9379	78,9782	9,2078	17,0979	69,7139	39,2887
977	45,9134	14,8126	30,019	56,239	94,7074	73,0919	28,4256	72,4314	77,2318	24,0582
978	85,4302	21,4765	19,3575	80,5373	8,4594	58,8312	34,322	3,3818	64,1289	56,9035
979	99,8688	27,7561	94,2315	5,6403	79,9944	2,4031	41,0341	78,1609	91,9026	79,2653
980	6,9322	19,353	73,2345	44,2939	48,4749	16,6506	89,5398	54,7544	35,0002	34,4061
981	38,2855	56,1054	40,4822	21,8696	51,5866	62,0694	28,4935	35,5671	19,0018	11,9849
982	34,7769	41,2107	88,3775	64,2571	30,7636	68,823	38,5012	4,0267	59,7672	21,0934
983	5,2964	19,646	29,4091	20,6234	24,5797	15,9188	0,9139	40,9701	86,1603	6,6072
984	89,0872	80,1962	11,4813	12,803	36,7615	48,8771	64,3104	9,4878	47,2491	6,6895
985	23,7011	51,6977	78,106	52,703	14,0187	43,8238	51,1818	51,6712	89,2542	47,189
986	35,0068	97,7046	41,1172	49,3741	92,8211	51,0014	43,0343	42,7799	84,4844	40,8226
987	46,2021	69,5084	84,3429	18,4609	16,828	81,9507	80,9842	74,6884	10,9404	61,593
988	91,4312	1,4369	64,2661	7,4068	59,9104	61,413	78,2778	71,8493	59,0836	9,5173
989	66,1003	37,9847	82,8596	97,6673	67,2146	1,0522	66,8647	46,9472	13,0846	57,1413

991	7,9938	65,2173	8,0033	5,8953	50,6635	31,0643	81,4869	11,3549	83,9627	53,8629
992	77,8551	38,0634	36,0718	62,3979	46,8309	61,8936	69,232	31,0933	14,971	6,8532
993	4,8672	88,0205	46,8848	21,6471	69,2352	91,2093	32,1516	48,0658	8,407	15,1602
994	85,1607	99,102	23,818	15,5765	31,8208	43,2654	11,3529	23,3856	95,8938	75,3221
--
996	21,362	9,8218	31,4623	44,4877	31,8668	11,3133	29,5856	0,5454	76,0087	7,5456
997	15,3276	99,7716	72,4546	99,4956	82,6611	80,366	56,6566	73,7099	62,2354	28,1369
--
999	80,6393	32,4892	43,0594	98,9245	74,9434	86,7736	16,1894	63,2654	86,3883	65,3413
1000	79,2069	56,5109	30,069	55,9212	90,6848	22,3333	2,6056	65,7794	13,1303	78,6779
1001	41,0099	4,9115	98,8528	18,2925	6,1734	12,3647	82,601	73,5015	43,83	22,7857
1002	87,3222	55,7767	1,5412	53,7762	50,3959	34,6556	98,5781	76,1064	33,1116	20,65
1003	12,5483	6,4297	12,7739	92,7568	79,1709	59,4224	98,7128	71,6428	79,8957	80,8995
1004	66,8016	85,371	87,9622	10,0242	16,8433	54,2224	25,4551	65,2369	56,029	51,7886

1006	2,3726	70,8718	81,0334	94,2806	20,8353	21,9533	12,4255	91,331	78,7656	40,165
1007	2,0322	55,6704	6,4425	96,816	10,8991	32,4977	92,3423	34,6967	45,465	43,3122
1008	46,4504	81,467	61,7127	25,1831	25,2955	10,9729	81,0554	86,4661	91,8268	53,6274
1009	1,7084	44,1946	84,5065	53,9695	76,0277	82,5619	13,8241	78,4516	99,2993	78,386
1010	41,4119	79,7606	82,1044	42,9748	63,1359	8,3771	27,2472	46,7046	17,6533	22,3583
1011	86,483	17,4983	67,495	88,6523	99,8712	22,6128	41,4121	97,2278	57,7122	72,3078
1012	81,0079	16,6762	82,3964	75,5822	93,4631	88,6505	86,4952	1,0983	92,5128	19,6671
1013	97,2625	45,8459	39,6042	13,0755	1,6397	9,1008	78,6061	63,0444	83,2442	51,5383
1014	5,9398	57,0171	84,8988	22,3459	43,4049	57,0011	68,1642	55,8889	23,0468	30,5023
1015	13,5024	42,1944	78,025	58,9752	88,9588	99,8693	40,852	48,8922	4,2141	26,3827
1016	76,0787	29,1317	67,3489	45,3281	9,0116	15,3896	77,0098	54,592	56,5701	9,3296
1017	73,0892	15,4125	66,2304	47,8074	36,7828	39,0549	22,1695	65,2586	0,2661	78,166
1018	32,7795	51,0357	46,3123	87,9726	11,2747	33,427	68,1529	0,3156	59,6676	13,9527
1019	11,8459	8,9227	75,3783	7,177	85,8078	59,4667	23,5764	61,671	64,9818	71,7023

--
1022	95,6918	91,2004	22,2128	69,6465	3,8575	10,2665	53,4418	92,5846	48,7308	19,3979
1023	11,5542	8,6134	99,1071	79,1938	77,7766	43,19	95,7044	70,0453	3,3441	79,2676
--
1025	34,8671	41,8314	52,3204	73,1041	62,8828	3,4107	93,0241	64,1888	0,0222	79,7276
1026	23,6645	9,3991	73,1231	42,7866	48,0853	90,1677	55,2685	55,3621	94,6122	4,1477
1027	19,3628	35,4816	54,0534	66,8093	0,4925	99,4846	36,8902	89,2436	39,8793	85,5757
1028	30,9129	41,7135	28,6513	67,9343	42,7482	7,5582	93,9506	46,69	85,4852	43,7183
1029	99,5616	16,493	54,9938	21,4451	56,8721	67,6394	93,3401	61,9317	2,6999	36,7356
1030	42,4245	31,5455	39,2199	22,5066	1,5091	1,4258	57,8528	87,2531	7,8686	67,222
1031	33,8994	1,4816	20,0763	22,8698	23,2228	89,21	96,6481	73,1269	96,7643	45,3882
1032	0,2442	28,3652	24,2102	25,9009	66,5202	71,251	44,5982	98,0094	98,8622	19,9552
1033	53,0464	50,2115	86,3585	47,0569	80,6655	99,876	90,8976	16,0178	53,0187	56,1541
1034	75,3629	60,208	18,9818	32,3795	85,6666	76,5875	90,0282	52,6348	43,7592	87,1252

1036	97,7786	45,4701	91,5529	19,44	64,1267	22,3897	71,4798	2,8169	80,1435	88,0774
1037	93,368	85,3474	16,0611	55,2952	71,4986	28,3597	89,2032	85,3053	74,3368	97,3324
1038	31,2479	82,5268	58,1484	71,4161	81,6351	80,9822	7,8146	54,5466	50,0549	28,509
1039	95,5909	96,1085	42,4858	91,1207	6,1557	19,1043	26,6515	25,6307	88,7606	87,4081
1040	7,6929	22,3571	66,6486	36,1843	45,9097	15,219	64,8037	95,6584	5,3661	58,1563
1041	73,3839	95,3765	61,4967	86,525	12,2341	65,0254	65,8674	63,7563	49,1064	79,4732
1042	48,7135	26,2243	62,5577	76,1012	5,5969	22,8161	6,1605	0,7699	48,2425	89,0246
1043	8,9676	74,9158	90,7621	52,5168	17,3126	94,217	88,5286	84,2691	74,5945	36,9354
1044	63,0795	12,7004	68,6241	64,5439	60,7483	27,6601	46,0278	1,297	1,6418	74,7437
1045	64,3267	6,1457	53,4786	10,7109	76,2213	57,5222	88,7134	40,705	98,9729	59,6245
1046	52,6973	11,3611	15,8335	10,74	27,4833	15,9423	8,3848	60,4898	28,4522	23,1442
1047	43,6963	31,3416	39,0587	85,3896	24,0939	47,3502	44,0104	74,125	58,693	41,7701
1048	80,1806	16,9479	47,2667	73,5195	66,0149	50,8022	0,8205	78,93	38,9527	67,118
1049	1,3357	48,6908	84,3871	85,1464	55,5478	49,2908	60,0122	92,1307	1,5664	21,1007

1051	99,1298	80,5798	24,733	26,298	19,073	60,2653	82,4422	97,5797	66,2373	73,9036
1052	71,6651	48,9687	90,3209	6,1849	54,429	88,5843	22,5743	28,4521	33,3642	39,3902
1053	13,3915	34,6975	51,9458	75,2662	51,8374	28,8401	93,3156	74,6855	10,0034	24,86
1054	94,5915	6,3809	82,7416	12,8551	82,7814	89,6463	2,7658	31,5626	0,9859	7,1925
1055	21,5886	63,5666	45,8587	40,2291	84,8569	9,2109	44,2615	34,5162	39,5525	37,8719
1056	98,1705	58,9017	50,3591	29,5414	96,4176	9,5825	39,478	93,057	15,8931	92,6234
1057	6,1224	6,9907	45,4486	39,2693	10,7286	76,3047	25,5071	44,6141	12,7943	94,469
1058	92,6476	58,755	25,7478	29,3484	73,4849	20,3127	48,2354	43,559	98,5946	65,6066
1059	61,0148	84,3409	87,6326	12,5509	33,804	75,4228	3,662	77,8675	18,2862	90,503
1060	94,0633	24,2663	77,1476	54,3453	88,3497	36,9167	28,561	15,0452	84,0978	10,3885
1061	54,5659	76,15	49,2273	42,3041	74,2159	15,3297	29,044	40,2354	38,2745	39,7119
1062	97,7284	66,8005	85,5464	63,0334	31,2644	67,2255	92,1291	81,9245	60,1117	36,9047
1063	15,0215	5,5007	1,5327	22,5806	37,6002	80,3671	56,2239	14,5667	94,2743	75,8376
1064	84,7758	13,5624	45,0993	8,8016	10,3318	71,0981	60,5279	94,1612	69,5868	28,7628

1066	87,5434	52,7555	84,3038	47,6311	59,6607	70,9177	19,0011	18,1216	27,7846	52,7952
1067	60,8121	46,4041	51,3127	97,3931	62,3462	50,6772	84,1919	63,4803	90,8699	91,4354
1068	72,5712	95,3433	84,8477	3,7064	28,4177	46,238	67,3313	2,7489	13,9348	60,365
1069	37,5536	15,8771	48,525	33,4342	2,5998	26,7667	29,0151	58,2464	90,7352	43,7452
1070	16,4592	61,8886	88,435	62,4513	28,0657	23,0352	57,2453	11,373	71,7169	8,3276
1071	72,9353	21,559	34,1907	0,1959	47,5056	70,6842	6,7495	0,5114	80,0018	29,0548
1072	80,915	47,8221	29,5564	64,2765	8,3234	31,27	76,3293	40,2826	48,1876	18,6586
1073	31,7792	42,4475	0,863	22,5389	61,6194	53,3293	29,2893	90,4819	50,8992	7,8309
1074	29,8179	72,9499	48,3674	27,2414	70,6016	35,8428	43,2322	83,2012	2,5357	98,083
1075	42,6834	79,5036	54,9261	0,3937	6,2976	66,8496	32,6586	13,4364	27,6723	97,6842
1076	88,4607	26,3773	90,9603	95,5529	48,7268	91,8932	32,8322	22,861	8,5016	3,4046
1077	11,5409	65,2206	52,7928	21,8096	48,0441	68,8814	89,6126	62,1639	9,7131	26,2467
1078	87,2688	4,9826	76,5474	24,7393	10,4778	27,3668	31,1683	8,8097	87,9645	14,6361
1079	69,5479	11,5996	26,7632	52,7596	63,823	70,6222	59,9841	78,15	10,7532	58,5738

1081	3,1614	71,449	79,3761	87,6045	42,1888	23,3923	10,5458	46,3435	65,3778	61,6332
1082	82,2172	29,965	43,7818	13,2725	92,9717	50,605	82,2239	98,2247	55,3371	53,8138
1083	90,728	83,5166	80,8769	12,7405	33,602	10,5757	73,9725	77,7785	22,5137	26,8458
1084	44,3253	97,2549	23,3607	16,5628	24,9754	15,3325	7,3146	35,6864	67,0796	52,3514
1085	38,6626	6,6344	26,474	6,6523	27,0096	77,9244	49,2125	13,2872	20,8572	20,5791
1086	88,7758	69,4288	19,8342	97,7781	5,8199	42,3496	3,4069	21,9002	24,7674	4,1449
1087	75,6083	17,1278	18,5608	58,3997	0,2866	5,0459	13,5356	27,5861	74,2689	48,6593
1088	44,7959	83,4168	49,0991	2,5954	78,585	19,1714	23,3113	75,7477	74,757	14,5092
1089	25,9535	61,7818	34,0029	49,0995	94,3112	26,6929	14,1017	54,9022	19,4203	42,7745
1090	86,802	17,3947	30,5628	40,3901	17,1134	53,237	45,9495	58,0419	32,8032	40,575
1091	64,8752	45,6058	44,2727	6,1392	27,2228	90,9819	49,168	60,1926	15,057	42,7451
1092	88,6676	5,7324	91,1576	89,9504	83,8594	5,1877	31,4945	84,335	17,2986	70,9476
1093	22,0881	49,0759	89,3349	93,058	40,6866	25,7939	93,8034	94,6262	16,0837	30,2433
1094	50,4434	95,0066	3,0328	31,4278	99,3548	81,9145	91,6455	69,5285	50,3941	22,205

1096	38,4099	61,1262	5,7634	52,1097	23,194	8,5663	77,4746	61,2958	85,2085	33,984
1097	11,1481	71,6233	64,4124	78,9586	8,2696	57,7297	42,3343	7,9596	73,4262	91,7886
1098	26,4348	35,1919	49,333	92,8526	41,5976	56,047	0,0424	40,0486	51,8808	1,4439
1099	31,0702	64,443	98,2772	4,0208	43,4589	88,9208	12,7013	89,9647	2,3208	73,0913
1100	53,5892	83,6778	0,9234	13,6218	71,2407	19,1633	20,335	28,4095	85,5678	70,6788
1101	25,6702	91,1521	51,7923	89,1758	91,0436	43,6571	21,0517	86,481	64,7204	61,4157
1102	32,4401	68,0067	34,2607	57,3604	12,6728	95,0164	93,4934	49,7513	87,4856	1,8854
1103	15,5037	41,7041	58,5839	54,9665	54,927	25,8378	55,4199	45,1743	7,0786	61,2914
1104	20,1367	83,5118	38,2633	43,0137	34,9528	92,5638	44,1255	53,1261	11,5491	51,1886
1105	94,1871	63,0818	20,5461	93,3499	89,3291	78,6565	83,6753	53,4168	46,5121	80,1032
1106	99,5593	19,6661	70,76	68,193	95,0148	86,9169	13,5281	3,0605	55,8249	55,9988
1107	57,9792	78,6162	41,3069	96,547	15,421	68,6661	25,7356	6,0858	85,5275	73,2878
1108	70,1151	64,4018	31,843	75,2127	92,2649	47,3199	97,2773	89,7492	82,3555	41,2859
1109	17,4899	64,9419	91,7079	18,7029	45,3927	82,0971	66,2749	55,7523	63,7183	16,0866

1111	91,9171	77,3226	97,7342	64,6865	46,944	86,2022	15,7444	50,0382	45,4723	32,9012
1112	48,1364	76,6683	67,1939	66,3981	79,4442	94,6082	46,889	76,0429	63,5977	2,8248
1113	83,0285	75,0408	17,008	71,6432	64,2291	57,7554	44,0993	29,2345	4,5523	58,7748
1114	4,0891	16,2356	90,9179	41,3824	81,3145	27,702	18,7479	22,8178	81,7335	51,1223
1115	30,3412	75,6588	96,7384	25,4852	51,098	35,1192	93,0952	17,6524	88,8657	73,1454
1116	24,2172	26,3013	19,2332	14,9485	47,0754	47,9723	25,0207	23,9482	65,4993	68,2522
1117	37,6254	80,4337	18,9339	59,2153	22,7706	52,1814	29,5116	97,6824	56,9751	39,3879
1118	18,0509	13,2319	13,5805	46,8633	18,2286	97,6549	71,592	58,6751	34,4704	9,8669
1119	72,006	80,1669	89,4966	50,7403	98,0037	59,3211	48,4227	88,585	17,4351	24,5841
1120	66,6548	34,5703	88,9384	62,2727	69,1672	46,2216	81,3794	43,8985	58,277	83,4237
1121	4,1716	41,1839	71,35	55,8824	49,6539	10,1705	33,321	78,6757	81,3041	32,7074
1122	91,0766	88,3032	72,8493	54,9005	41,3146	68,7198	50,3794	27,8083	31,4144	76,6626
1123	34,1595	72,8647	63,3062	51,2516	58,3636	72,1649	87,1766	71,8688	72,7581	81,9072
1124	22,396	99,4712	74,9833	6,1636	29,9763	25,9076	27,5937	31,9261	39,312	48,071

1126	78,3666	42,4318	11,1488	9,7181	27,4163	59,7236	43,1608	69,6596	23,1567	50,7345
1127	16,2835	53,7461	54,6017	69,5785	65,4538	93,8005	14,3815	7,1603	17,7898	79,3157
1128	76,0812	43,9107	33,1762	52,8192	93,9625	93,0381	97,377	35,4655	89,9145	61,6022
1129	69,9003	19,7305	20,1981	29,1823	43,5146	57,8719	9,8045	40,9379	5,855	75,4907
1130	37,0988	80,4253	65,7646	65,3929	86,3354	77,3722	42,9166	69,9644	18,8112	24,9389
1131	30,6837	78,9588	96,4013	21,6585	98,5195	66,5929	57,7309	83,8338	63,3061	82,5132
1132	63,5521	43,8042	75,3016	49,2768	22,4016	8,6677	92,7487	51,984	39,6357	94,9533
1133	89,2494	73,4646	24,8021	35,1062	47,8217	68,4299	50,7929	22,5909	69,7108	38,2835
1134	40,3721	54,1496	33,4265	33,9701	12,8906	25,8898	10,4315	68,5729	55,6619	67,1636
1135	88,0636	46,1466	32,892	74,8281	4,817	94,3968	55,2161	69,021	90,0782	19,5972
1136	99,8316	85,6404	70,0076	89,4412	87,355	59,317	85,037	63,7204	84,3568	41,0295
1137	79,211	39,9301	89,1776	53,4964	74,8187	23,5297	72,3442	41,5123	37,7445	37,4751
1138	30,1092	76,755	41,9237	55,136	32,238	95,229	49,3065	76,2221	5,6023	46,6473
1139	41,6832	22,9259	63,2875	43,0524	20,7128	53,7517	95,3228	33,91	39,0507	24,1914

1141	37,7978	92,4431	43,0986	32,9029	38,181	98,0156	81,3734	88,945	26,3264	80,8176
1142	87,3942	12,9075	49,362	95,744	30,3554	49,8106	76,8567	20,577	47,6917	37,6141
1143	32,7047	53,36	68,9577	29,2231	0,1168	1,7559	4,6163	95,068	87,0406	52,2828
1144	57,3528	92,6205	16,8795	50,6508	67,3987	74,5398	41,3225	33,8832	59,4405	11,7223
1145	21,2133	90,0532	66,4339	75,101	17,3853	26,4328	90,1673	72,8908	1,243	93,1212
1146	49,971	66,3862	58,4332	67,1438	48,3499	23,1142	44,3306	41,1772	80,2408	82,255
1147	17,5546	6,0156	20,4294	63,6647	55,0185	27,7723	74,6783	72,5386	49,4565	63,8777
1148	36,2718	41,2935	26,4505	4,2412	69,1254	49,1345	27,0697	32,1191	94,7304	17,6414
1149	93,0124	96,4797	63,0156	89,4381	13,6082	82,2538	76,8224	50,5376	63,2211	69,9424
1150	52,5857	86,1423	96,0865	96,4886	38,7364	38,3502	7,6827	9,3065	22,4263	15,7952
1151	96,2721	52,7476	17,0125	25,8136	8,4236	89,0506	74,2094	65,4138	43,1273	9,8094
1152	51,5692	18,1245	80,5761	49,8303	19,2804	81,0361	70,7813	72,1224	82,7931	37,3782
1153	74,8562	27,0739	96,9588	47,4919	91,5847	42,1766	81,5066	80,6852	15,5436	37,6389
1154	41,5294	49,4473	84,0438	16,3323	28,7237	61,3562	30,7124	94,902	65,5749	97,5351

1156	90,5829	79,6854	48,4546	25,7445	19,9947	0,0899	67,1751	72,2364	58,925	34,8079
1157	25,9118	90,9243	81,5861	30,2398	23,6609	52,3605	29,1406	37,9337	80,7169	71,7008
1158	30,8747	5,6487	57,5521	54,555	85,3475	26,0434	34,829	61,2695	31,4823	8,3018
1159	19,1382	28,317	33,6308	39,222	53,4795	77,1189	48,4488	8,6325	97,2432	24,263
1160	59,6677	54,5371	79,8136	6,5449	37,7785	13,04	59,9879	82,8312	62,5715	96,3466
